Index       V(VI)       N(XM1:MSKY130_FD_PR__NFET_01V8_LVT:VTH) N(XM1:MSKY130_FD_PR__NFET_01V8_LVT:GDS) N(XM1:MSKY130_FD_PR__NFET_01V8_LVT:GM) N(XM1:MSKY130_FD_PR__NFET_01V8_LVT:VDSAT) N(XM2:MSKY130_FD_PR__NFET_01V8:VTH) N(XM2:MSKY130_FD_PR__NFET_01V8:GDS) N(XM2:MSKY130_FD_PR__NFET_01V8:GM) N(XM2:MSKY130_FD_PR__NFET_01V8:VDSAT) ID(XM2:MSKY130_FD_PR__NFET_01V8) N(XM4:MSKY130_FD_PR__PFET_01V8:VTH) N(XM4:MSKY130_FD_PR__PFET_01V8:GDS) N(XM4:MSKY130_FD_PR__PFET_01V8:GM) N(XM4:MSKY130_FD_PR__PFET_01V8:VDSAT) N(XM5:MSKY130_FD_PR__PFET_01V8_HVT:VTH) N(XM5:MSKY130_FD_PR__PFET_01V8_HVT:GDS) N(XM5:MSKY130_FD_PR__PFET_01V8_HVT:GM) N(XM5:MSKY130_FD_PR__PFET_01V8_HVT:VDSAT)      I(VDD)            I(VSIG)            V(VI)           V(SUPPLY)    
0        0.00000000e+00    4.44367900e-01    2.00586865e-14    2.82539855e-12    3.68594956e-02    5.42765130e-01    2.00947901e-15    5.43635797e-13    3.84267673e-02    1.83044517e-12    5.98592558e-01    7.34601284e-09    4.45359073e-06    6.23883482e-01    6.82806482e-01    6.21335045e-09    3.75273032e-06    5.51422735e-01   -7.91823802e-02    1.64943629e-54    0.00000000e+00    1.80000000e+00
1        1.00000000e-01    4.44367900e-01    4.46574604e-13    6.25586024e-11    3.68619513e-02    5.42765130e-01    2.86917065e-14    7.74894832e-12    3.84272411e-02    2.10192273e-12    5.98592558e-01    5.97181542e-09    3.99777159e-06    5.66013707e-01    6.82806482e-01    5.24099020e-09    3.38683442e-06    5.00159740e-01   -7.91809900e-02    0.00000000e+00    1.00000000e-01    1.80000000e+00
2        2.00000000e-01    4.44367900e-01    9.54757718e-12    1.30595349e-09    3.69143420e-02    5.42765130e-01    4.05788286e-13    1.08919002e-10    3.84339374e-02    5.93926444e-12    5.98592558e-01    4.81982909e-09    3.55399598e-06    5.09745332e-01    6.82806482e-01    4.38375517e-09    3.02645610e-06    4.49640406e-01   -7.91797377e-02    4.17619486e-52    2.00000000e-01    1.80000000e+00
3        3.00000000e-01    4.44367900e-01    1.72387392e-10    2.18630727e-08    3.78503213e-02    5.42765130e-01    5.54133616e-12    1.45794185e-09    3.85251300e-02    5.83071318e-11    5.98592558e-01    3.85225765e-09    3.12398286e-06    4.55003937e-01    6.82806482e-01    3.62562190e-09    2.67336492e-06    3.99789067e-01   -7.91786290e-02   -4.17101980e-55    3.00000000e-01    1.80000000e+00
4        4.00000000e-01    4.44367900e-01    1.86572520e-09    2.24804133e-07    4.75030145e-02    5.42765130e-01    6.70376388e-11    1.69878763e-08    3.96167556e-02    7.01077693e-10    5.98592558e-01    3.03941779e-09    2.70930100e-06    4.01716703e-01    6.82806482e-01    2.95313168e-09    2.32894406e-06    3.50492478e-01   -7.91776718e-02    2.31293427e-55    4.00000000e-01    1.80000000e+00
5        5.00000000e-01    4.44367900e-01    8.82570751e-09    1.17826787e-06    8.62978055e-02    5.42765130e-01    5.75713407e-10    1.56723631e-07    4.86200781e-02    7.12157133e-09    5.98592558e-01    2.35761618e-09    2.31119339e-06    3.49812474e-01    6.82806482e-01    2.35481760e-09    1.99319581e-06    3.01587422e-01   -7.91769113e-02   -3.65318837e-55    5.00000000e-01    1.80000000e+00
6        6.00000000e-01    4.44367900e-01    2.13489479e-08    2.89151105e-06    1.53982497e-01    5.42765130e-01    2.64946497e-09    9.30173913e-07    8.48475638e-02    5.31334475e-08    5.98592558e-01    1.78772605e-09    1.93024347e-06    2.99228032e-01    6.82806482e-01    1.82111093e-09    1.66278139e-06    2.52875452e-01   -7.91764613e-02    8.14268231e-56    6.00000000e-01    1.80000000e+00
7        7.00000000e-01    4.44367900e-01    3.64131444e-08    4.70891340e-06    2.33307952e-01    5.42765130e-01    6.58687559e-09    2.51664365e-06    1.51587653e-01    2.22343403e-07    5.98592558e-01    1.31431465e-09    1.56586150e-06    2.49935186e-01    6.82806482e-01    1.34519389e-09    1.32858289e-06    2.04243765e-01   -7.91764378e-02   -4.24397248e-56    7.00000000e-01    1.80000000e+00
8        8.00000000e-01    4.44367900e-01    5.26758303e-08    6.54937507e-06    3.17512387e-01    5.42765130e-01    1.13635210e-08    4.09578950e-06    2.29076949e-01    5.54904488e-07    5.98592558e-01    9.25288127e-10    1.21596535e-06    2.02027015e-01    6.82806482e-01    9.25571241e-10    9.77556245e-07    1.56078776e-01   -7.91768766e-02    2.22158070e-55    8.00000000e-01    1.80000000e+00
9        9.00000000e-01    4.44367900e-01    6.99216992e-08    8.45955513e-06    4.05914755e-01    5.42765129e-01    1.64336764e-08    5.49588632e-06    3.07237121e-01    1.03542777e-06    5.98592558e-01    6.12035547e-10    8.78639798e-07    1.55946048e-01    6.82806482e-01    5.70330820e-10    6.12504538e-07    1.10206304e-01   -7.91777610e-02    2.64598108e-55    9.00000000e-01    1.80000000e+00
10       1.00000000e+00    4.44367900e-01    8.81906582e-08    1.04404047e-05    4.98927832e-01    5.42765130e-01    2.17638584e-08    6.83067154e-06    3.84860597e-01    1.65203314e-06    5.98592558e-01    3.69703573e-10    5.60053728e-07    1.12960627e-01    6.82806482e-01    2.98249652e-10    2.90067592e-07    7.09119678e-02   -7.91790779e-02   -2.10177704e-55    1.00000000e+00    1.80000000e+00
11       1.10000000e+00    4.44367900e-01    1.07616345e-07    1.24778354e-05    5.97062517e-01    5.42765130e-01    2.74463962e-08    8.13432820e-06    4.62424248e-01    2.40053089e-06    5.98592558e-01    1.96130074e-10    2.88913518e-07    7.57457027e-02    6.82806482e-01    1.25436267e-10    9.47237468e-08    4.35539474e-02   -7.91808119e-02    4.08574239e-55    1.10000000e+00    1.80000000e+00
12       1.20000000e+00    4.44367900e-01    1.28465675e-07    1.45593611e-05    7.00854553e-01    5.42765130e-01    3.36000648e-08    9.39786157e-06    5.40312433e-01    3.27751181e-06    5.98592558e-01    8.72879046e-11    1.10005530e-07    4.79949847e-02    6.82806482e-01    4.15278179e-11    2.31397260e-08    2.94592661e-02   -7.91829393e-02   -2.02864272e-55    1.20000000e+00    1.80000000e+00
13       1.30000000e+00    4.44367900e-01    1.51255364e-07    1.66774442e-05    8.10892426e-01    5.42765130e-01    4.03737216e-08    1.06062792e-05    6.18727413e-01    4.27820894e-06    5.98592558e-01    3.12849889e-11    3.08097200e-08    3.17254078e-02    6.82806482e-01    1.11820966e-11    5.24180312e-09    2.42157470e-02   -7.91854367e-02   -2.97902702e-55    1.30000000e+00    1.80000000e+00
14       1.40000000e+00    4.44367900e-01    1.77001042e-07    1.88294905e-05    9.27840325e-01    5.42765130e-01    4.79692399e-08    1.17477633e-05    6.97785071e-01    5.39649019e-06    5.98592558e-01    8.90843507e-12    7.32849462e-09    2.47235977e-02    6.82806482e-01    2.61608070e-12    1.18221881e-09    2.27208118e-02   -7.91882879e-02    1.71390210e-55    1.40000000e+00    1.80000000e+00
15       1.50000000e+00    4.44367900e-01    2.07817127e-07    2.10167644e-05    1.05245524e+00    5.42765130e-01    5.66732485e-08    1.28141143e-05    7.77571555e-01    6.62522588e-06    5.98592558e-01    2.08644251e-12    1.64784978e-09    2.25228370e-02    6.82806482e-01    5.65235851e-13    2.57514787e-10    2.23619164e-02   -7.91914830e-02   -5.27464256e-57    1.50000000e+00    1.80000000e+00
16       1.60000000e+00    4.44367900e-01    2.48577725e-07    2.32411862e-05    1.18560359e+00    5.42765130e-01    6.69047909e-08    1.37998513e-05    8.58166009e-01    7.95660777e-06    5.98592558e-01    4.29483974e-13    3.45475601e-10    2.19833594e-02    6.82806482e-01    1.17324983e-13    5.40387723e-11    2.22834817e-02   -7.91950137e-02   -4.67462354e-55    1.60000000e+00    1.80000000e+00
17       1.70000000e+00    4.44367900e-01    3.12355622e-07    2.54946361e-05    1.32828030e+00    5.42765130e-01    7.92936692e-08    1.47014723e-05    9.39648134e-01    9.38238320e-06    5.98592558e-01    8.24510953e-14    6.76498658e-11    2.18701222e-02    6.82806482e-01    2.38945665e-14    1.10783653e-11    2.22671186e-02   -7.91988708e-02    8.28495830e-56    1.70000000e+00    1.80000000e+00
18       1.80000000e+00    4.44367900e-01    4.42165537e-07    2.77160844e-05    1.48163210e+00    5.42765130e-01    9.48167540e-08    1.55169005e-05    1.02210011e+00    1.08940253e-05    5.98592558e-01    1.53101723e-14    1.27032410e-11    2.18482040e-02    6.82806482e-01    4.82409137e-15    2.24404038e-12    2.22637786e-02   -7.92030422e-02   -2.23372845e-55    1.80000000e+00    1.80000000e+00
End of Xyce(TM) Simulation
