Index       V(VI)       N(XM1:MSKY130_FD_PR__NFET_01V8_LVT:VTH) N(XM1:MSKY130_FD_PR__NFET_01V8_LVT:GDS) N(XM1:MSKY130_FD_PR__NFET_01V8_LVT:GM) N(XM1:MSKY130_FD_PR__NFET_01V8_LVT:VDSAT) N(XM2:MSKY130_FD_PR__NFET_01V8:VTH) N(XM2:MSKY130_FD_PR__NFET_01V8:GDS) N(XM2:MSKY130_FD_PR__NFET_01V8:GM) N(XM2:MSKY130_FD_PR__NFET_01V8:VDSAT) ID(XM2:MSKY130_FD_PR__NFET_01V8) N(XM4:MSKY130_FD_PR__PFET_01V8:VTH) N(XM4:MSKY130_FD_PR__PFET_01V8:GDS) N(XM4:MSKY130_FD_PR__PFET_01V8:GM) N(XM4:MSKY130_FD_PR__PFET_01V8:VDSAT) N(XM5:MSKY130_FD_PR__PFET_01V8_HVT:VTH) N(XM5:MSKY130_FD_PR__PFET_01V8_HVT:GDS) N(XM5:MSKY130_FD_PR__PFET_01V8_HVT:GM) N(XM5:MSKY130_FD_PR__PFET_01V8_HVT:VDSAT)      I(VDD)            I(VSIG)            V(VI)           V(SUPPLY)    
0        0.00000000e+00    5.45591120e-01    5.46740839e-14    6.94137516e-12    4.39409341e-02    6.25279315e-01    1.58865472e-14    1.72844193e-12    4.10439762e-02    1.87552765e-12    5.31520345e-01    2.82277869e-06    9.54523724e-05    9.81157882e-01    6.35936853e-01    1.67577971e-06    1.05121690e-04    9.94734476e-01   -7.93408785e-02    1.73646293e-55    0.00000000e+00    1.80000000e+00
1        1.00000000e-01    5.45591120e-01    9.24878256e-13    1.17439310e-10    4.39412537e-02    6.25279315e-01    2.21241995e-13    2.41816346e-11    4.10440678e-02    2.72749965e-12    5.31520345e-01    2.17340434e-06    8.47162785e-05    8.70833137e-01    6.35936853e-01    1.19120291e-06    9.02172819e-05    8.61590035e-01   -7.93138981e-02    0.00000000e+00    1.00000000e-01    1.80000000e+00
2        2.00000000e-01    5.45591120e-01    1.54958355e-11    1.95882110e-09    4.39466132e-02    6.25279315e-01    3.06318782e-12    3.36094403e-10    4.10453448e-02    1.46002234e-11    5.31520345e-01    1.67610863e-06    7.44303930e-05    7.69189499e-01    6.35936853e-01    8.57394547e-07    7.70770347e-05    7.41656265e-01   -7.92896195e-02   -3.45850443e-56    2.00000000e-01    1.80000000e+00
3        3.00000000e-01    5.45591120e-01    2.49854331e-10    3.09211986e-08    4.40329262e-02    6.25279315e-01    4.15270112e-11    4.56170174e-09    4.10628352e-02    1.77284127e-10    5.31520345e-01    1.28741869e-06    6.46374290e-05    6.75110512e-01    6.35936853e-01    6.16173229e-07    6.54504388e-05    6.32491562e-01   -7.92680009e-02   -6.46295310e-57    3.00000000e-01    1.80000000e+00
4        4.00000000e-01    5.45591119e-01    3.49907102e-09    4.08359342e-07    4.52271777e-02    6.25279315e-01    5.24704762e-10    5.72637764e-08    4.12879889e-02    2.28291885e-09    5.31520345e-01    9.79920484e-07    5.53720539e-05    5.87670968e-01    6.35936853e-01    4.36395927e-07    5.50466085e-05    5.32031158e-01   -7.92490043e-02   -1.74664640e-56    4.00000000e-01    1.80000000e+00
5        5.00000000e-01    5.45591119e-01    3.27848082e-08    3.75321683e-06    5.57325052e-02    6.25279314e-01    5.52468969e-09    5.95734588e-07    4.36574153e-02    2.57281403e-08    5.31520345e-01    7.35300018e-07    4.66666998e-05    5.06100074e-01    6.35936853e-01    3.00124719e-07    4.55070866e-05    4.38577352e-01   -7.92327119e-02   -2.97871354e-56    5.00000000e-01    1.80000000e+00
6        6.00000000e-01    5.45591116e-01    1.55090923e-07    1.95339755e-05    9.55459492e-02    6.25279314e-01    4.27128961e-08    4.73599464e-06    5.87459530e-02    2.30980683e-07    5.31520345e-01    5.40690251e-07    3.85480569e-05    4.29756759e-01    6.35936853e-01    1.96703152e-07    3.63868644e-05    3.50978339e-01   -7.92199345e-02    2.54431644e-56    6.00000000e-01    1.80000000e+00
7        7.00000000e-01    5.45591113e-01    3.95634264e-07    4.74438693e-05    1.60009062e-01    6.25279310e-01    1.91960985e-07    2.14367939e-05    1.02711577e-01    1.41028433e-06    5.31520345e-01    3.86647977e-07    3.10286608e-05    3.58125954e-01    6.35936853e-01    1.19910481e-07    2.72674353e-05    2.69100683e-01   -7.92128408e-02   -9.62615566e-57    7.00000000e-01    1.80000000e+00
8        8.00000000e-01    5.45591112e-01    7.07980574e-07    7.29131384e-05    2.25729914e-01    6.25279303e-01    4.62511274e-07    4.72040302e-05    1.66558190e-01    4.83373541e-06    5.31520345e-01    2.66002897e-07    2.40988329e-05    2.90861022e-01    6.35936853e-01    6.60922202e-08    1.81630814e-05    1.94554848e-01   -7.92130654e-02    1.42727684e-56    8.00000000e-01    1.80000000e+00
9        9.00000000e-01    5.45591112e-01    1.06181557e-06    9.35255889e-05    2.84691860e-01    6.25279299e-01    7.89343470e-07    7.01374969e-05    2.31752854e-01    1.07412734e-05    5.31520345e-01    1.73220720e-07    1.77339227e-05    2.27928015e-01    6.35936853e-01    3.21664517e-08    1.00226881e-05    1.31047487e-01   -7.92202545e-02   -1.58937117e-57    9.00000000e-01    1.80000000e+00
10       1.00000000e+00    5.45591113e-01    1.44896221e-06    1.10624614e-04    3.37158404e-01    6.25279297e-01    1.15877300e-06    8.89691261e-05    2.92128845e-01    1.87246666e-05    5.31520345e-01    1.04097690e-07    1.19530178e-05    1.69938233e-01    6.35936853e-01    1.37762985e-08    4.31054562e-06    8.30171322e-02   -7.92332999e-02   -3.43580124e-56    1.00000000e+00    1.80000000e+00
11       1.10000000e+00    5.45591115e-01    1.86682548e-06    1.24663173e-04    3.84557083e-01    6.25279298e-01    1.57478155e-06    1.04942096e-04    3.47517914e-01    2.84411063e-05    5.31520345e-01    5.55810112e-08    6.96176208e-06    1.18673475e-01    6.35936853e-01    5.31231584e-09    1.44468004e-06    5.23296327e-02   -7.92511260e-02   -2.44441134e-56    1.10000000e+00    1.80000000e+00
12       1.20000000e+00    5.45591116e-01    2.31344197e-06    1.35809046e-04    4.28175302e-01    6.25279300e-01    2.03842334e-06    1.18507015e-04    3.98733635e-01    3.96326851e-05    5.31520345e-01    2.51723459e-08    3.23616732e-06    7.73032842e-02    6.35936853e-01    1.89585123e-09    4.16334086e-07    3.62083670e-02   -7.92727721e-02    1.77845465e-56    1.20000000e+00    1.80000000e+00
13       1.30000000e+00    5.45591117e-01    2.78716459e-06    1.44299699e-04    4.69088764e-01    6.25279302e-01    2.54859727e-06    1.29785662e-04    4.46551005e-01    5.20655485e-05    5.31520345e-01    9.38233984e-09    1.13472081e-06    4.89852756e-02    6.35936853e-01    6.33552624e-10    1.18362943e-07    2.92064105e-02   -7.92974018e-02    1.80871863e-56    1.30000000e+00    1.80000000e+00
14       1.40000000e+00    5.45591118e-01    3.28703060e-06    1.50451131e-04    5.08194331e-01    6.25279305e-01    3.10373820e-06    1.38899144e-04    4.91634028e-01    6.55167635e-05    5.31520345e-01    2.92002538e-09    3.15507604e-07    3.37651777e-02    6.35936853e-01    1.99499788e-10    3.49098262e-08    2.66091996e-02   -7.93243138e-02   -7.15928177e-57    1.40000000e+00    1.80000000e+00
15       1.50000000e+00    5.45591118e-01    3.81302569e-06    1.54603789e-04    5.46233088e-01    6.25279307e-01    3.70251472e-06    1.46021927e-04    5.34562809e-01    7.97781908e-05    5.31520345e-01    7.87459227e-10    7.95275545e-08    2.76248342e-02    6.35936853e-01    5.99301511e-11    1.03832046e-08    2.57497110e-02   -7.93529580e-02   -1.40154857e-56    1.50000000e+00    1.80000000e+00
16       1.60000000e+00    5.45591119e-01    4.36621188e-06    1.57083656e-04    5.83808862e-01    6.25279309e-01    4.34413411e-06    1.51361345e-04    5.75848993e-01    9.46609873e-05    5.31520345e-01    1.88756823e-10    1.90355992e-08    2.57357044e-02    6.35936853e-01    1.74367473e-11    3.04063231e-09    2.54855334e-02   -7.93828930e-02   -3.63269717e-57    1.60000000e+00    1.80000000e+00
17       1.70000000e+00    5.45591119e-01    4.94878620e-06    1.58183337e-04    6.21406570e-01    6.25279311e-01    5.02853216e-06    1.55133184e-04    6.15941930e-01    1.09997622e-04    5.31520345e-01    4.13979331e-11    4.25076466e-09    2.52609958e-02    6.35936853e-01    4.97543104e-12    8.74179997e-10    2.54078385e-02   -7.94137178e-02    1.77541924e-56    1.70000000e+00    1.80000000e+00
18       1.80000000e+00    5.45591119e-01    5.56412496e-06    1.58155717e-04    6.59410356e-01    6.25279312e-01    5.75652216e-06    1.57545869e-04    6.55232600e-01    1.25641861e-04    5.31520345e-01    8.59693702e-12    8.95024156e-10    2.51555062e-02    6.35936853e-01    1.40400716e-12    2.47981683e-10    2.53855525e-02   -7.94450612e-02    7.23499288e-57    1.80000000e+00    1.80000000e+00
End of Xyce(TM) Simulation
