Index       V(VI)       N(XM1:MSKY130_FD_PR__NFET_01V8_LVT:VTH) N(XM1:MSKY130_FD_PR__NFET_01V8_LVT:GDS) N(XM1:MSKY130_FD_PR__NFET_01V8_LVT:GM) N(XM1:MSKY130_FD_PR__NFET_01V8_LVT:VDSAT) N(XM2:MSKY130_FD_PR__NFET_01V8:VTH) N(XM2:MSKY130_FD_PR__NFET_01V8:GDS) N(XM2:MSKY130_FD_PR__NFET_01V8:GM) N(XM2:MSKY130_FD_PR__NFET_01V8:VDSAT) ID(XM2:MSKY130_FD_PR__NFET_01V8) N(XM4:MSKY130_FD_PR__PFET_01V8:VTH) N(XM4:MSKY130_FD_PR__PFET_01V8:GDS) N(XM4:MSKY130_FD_PR__PFET_01V8:GM) N(XM4:MSKY130_FD_PR__PFET_01V8:VDSAT) N(XM5:MSKY130_FD_PR__PFET_01V8_HVT:VTH) N(XM5:MSKY130_FD_PR__PFET_01V8_HVT:GDS) N(XM5:MSKY130_FD_PR__PFET_01V8_HVT:GM) N(XM5:MSKY130_FD_PR__PFET_01V8_HVT:VDSAT)      I(VDD)            I(VSIG)            V(VI)           V(SUPPLY)    
0        0.00000000e+00    4.50680500e-01    1.51737302e-13    2.60624874e-11    3.71499908e-02    5.44423798e-01    2.57770964e-14    5.69831398e-12    3.82719806e-02    2.01990847e-12    7.19009135e-01    2.25527966e-07    7.33442200e-05    6.31586492e-01    7.29694769e-01    2.27249693e-07    8.43343830e-05    6.06621241e-01   -7.93310692e-02    1.27164309e-54    0.00000000e+00    1.80000000e+00
1        1.00000000e-01    4.50680500e-01    3.88375471e-12    6.64116676e-10    3.71513589e-02    5.44423798e-01    3.89348178e-13    8.59686968e-11    3.82722230e-02    4.98056170e-12    7.19009135e-01    1.76141091e-07    6.58494555e-05    5.63500965e-01    7.29694766e-01    1.69108641e-07    7.06948329e-05    5.21585742e-01   -7.93012808e-02    0.00000000e+00    1.00000000e-01    1.80000000e+00
2        2.00000000e-01    4.50680500e-01    9.59117869e-11    1.60602907e-08    3.71850924e-02    5.44423798e-01    5.84097293e-12    1.28398962e-09    3.82758570e-02    4.93779824e-11    7.19009135e-01    1.35792984e-07    5.85028991e-05    4.98298536e-01    7.29694763e-01    1.24986828e-07    5.89254586e-05    4.45551563e-01   -7.92755299e-02   -4.12849731e-56    2.00000000e-01    1.80000000e+00
3        3.00000000e-01    4.50680500e-01    2.01559918e-09    3.13377926e-07    3.78879122e-02    5.44423798e-01    8.53783966e-11    1.84818947e-08    3.83288744e-02    6.97853586e-10    7.19009135e-01    1.02828604e-07    5.13061225e-05    4.35781394e-01    7.29694760e-01    9.11060735e-08    4.86911938e-05    3.77128927e-01   -7.92535591e-02    5.50466192e-57    3.00000000e-01    1.80000000e+00
4        4.00000000e-01    4.50680499e-01    2.50313525e-08    3.66083623e-06    4.62535344e-02    5.44423798e-01    1.13559604e-09    2.37088878e-07    3.90285745e-02    9.38868600e-09    7.19009135e-01    7.60029887e-08    4.42614257e-05    3.75769879e-01    7.29694759e-01    6.49643988e-08    3.97350485e-05    3.15179111e-01   -7.92352035e-02   -7.85938586e-56    4.00000000e-01    1.80000000e+00
5        5.00000000e-01    4.50680496e-01    1.28042621e-07    2.10356576e-05    8.29336284e-02    5.44423797e-01    1.12907460e-08    2.43365113e-06    4.57614642e-02    1.05617262e-07    7.19009135e-01    5.43612642e-08    3.73660122e-05    3.18109304e-01    7.29694759e-01    4.48334665e-08    3.18485448e-05    2.58753111e-01   -7.92210210e-02   -8.68507920e-56    5.00000000e-01    1.80000000e+00
6        6.00000000e-01    4.50680489e-01    3.17403411e-07    5.33827918e-05    1.48445336e-01    5.44423795e-01    6.15008638e-08    1.67918855e-05    7.82016251e-02    8.90169443e-07    7.19009135e-01    3.71628418e-08    3.06016358e-05    2.62699710e-01    7.29694761e-01    2.94842719e-08    2.48399640e-05    2.07067470e-01   -7.92129850e-02   -1.29054609e-55    6.00000000e-01    1.80000000e+00
7        7.00000000e-01    4.50680485e-01    5.42311995e-07    8.68875757e-05    2.24366324e-01    5.44423788e-01    1.71297122e-07    5.02567970e-05    1.44608955e-01    4.16309805e-06    7.19009135e-01    2.38361210e-08    2.39258702e-05    2.09591748e-01    7.29694764e-01    1.80378359e-08    1.85038802e-05    1.59565271e-01   -7.92133564e-02   -4.49557381e-56    7.00000000e-01    1.80000000e+00
8        8.00000000e-01    4.50680486e-01    7.80323689e-07    1.19482772e-04    3.03401088e-01    5.44423782e-01    3.13334795e-07    8.24584965e-05    2.22469622e-01    1.08615750e-05    7.19009135e-01    1.39496224e-08    1.73041475e-05    1.59246832e-01    7.29694767e-01    9.88339033e-09    1.26413608e-05    1.16184519e-01   -7.92227577e-02   -1.84406347e-55    8.00000000e-01    1.80000000e+00
9        9.00000000e-01    4.50680490e-01    1.02773523e-06    1.51802140e-04    3.84644700e-01    5.44423780e-01    4.69553697e-07    1.09132715e-04    2.99248933e-01    2.04678635e-05    7.19009135e-01    7.16396081e-09    1.08940494e-05    1.13092469e-01    7.29694770e-01    4.59168915e-09    7.28055375e-06    7.79885037e-02   -7.92403913e-02    1.17635685e-55    9.00000000e-01    1.80000000e+00
10       1.00000000e+00    4.50680494e-01    1.28499094e-06    1.83646935e-04    4.68275275e-01    5.44423781e-01    6.39857650e-07    1.34049828e-04    3.74088058e-01    3.26338750e-05    7.19009135e-01    3.09352238e-09    5.41000083e-06    7.41664307e-02    7.29694772e-01    1.70924036e-09    3.08196581e-06    4.77878171e-02   -7.92655974e-02    1.79420105e-56    1.00000000e+00    1.80000000e+00
11       1.10000000e+00    4.50680497e-01    1.55409985e-06    2.14593901e-04    5.54557843e-01    5.44423784e-01    8.28548588e-07    1.58205375e-04    4.47964589e-01    4.72529283e-05    7.19009135e-01    1.09679676e-09    1.92341515e-06    4.64053310e-02    7.29694773e-01    5.02843157e-10    8.63293730e-07    2.87505626e-02   -7.92977594e-02    1.41593172e-55    1.10000000e+00    1.80000000e+00
12       1.20000000e+00    4.50680499e-01    1.83903483e-06    2.44287603e-04    6.43766522e-01    5.44423788e-01    1.04053063e-06    1.81367628e-04    5.21504523e-01    6.42408254e-05    7.19009135e-01    3.19941664e-10    4.99509701e-07    3.12294039e-02    7.29694774e-01    1.21208534e-10    1.80311053e-07    2.02769993e-02   -7.93361707e-02    8.10409020e-56    1.20000000e+00    1.80000000e+00
13       1.30000000e+00    4.50680500e-01    2.14691486e-06    2.72487438e-04    7.36198359e-01    5.44423791e-01    1.28142052e-06    2.03206106e-04    5.95025752e-01    8.34811019e-05    7.19009135e-01    7.67198466e-11    1.10935617e-07    2.53092711e-02    7.29694774e-01    2.47315723e-11    3.49313649e-08    1.77106432e-02   -7.93802350e-02    8.58321063e-56    1.30000000e+00    1.80000000e+00
14       1.40000000e+00    4.50680500e-01    2.49014827e-06    2.99060007e-04    8.32182040e-01    5.44423794e-01    1.55825991e-06    2.23507620e-04    6.68719422e-01    1.04829785e-04    7.19009135e-01    1.53480172e-11    2.25437556e-08    2.36716808e-02    7.29694774e-01    4.45625609e-12    6.39703883e-09    1.71389736e-02   -7.94295031e-02   -3.49955747e-55    1.40000000e+00    1.80000000e+00
15       1.50000000e+00    4.50680500e-01    2.89060271e-06    3.23960466e-04    9.32080866e-01    5.44423796e-01    1.88036759e-06    2.42161112e-04    7.42737100e-01    1.28126959e-04    7.19009135e-01    2.70803864e-12    4.11669933e-09    2.33256785e-02    7.29694774e-01    7.47846563e-13    1.09464948e-09    1.70330407e-02   -7.94835742e-02    6.33036837e-56    1.50000000e+00    1.80000000e+00
16       1.60000000e+00    4.50680500e-01    3.38837923e-06    3.47204748e-04    1.03629400e+00    5.44423797e-01    2.26047774e-06    2.59121358e-04    8.17221941e-01    1.53205110e-04    7.19009135e-01    4.47067316e-13    6.94080783e-10    2.32634562e-02    7.29694774e-01    1.21370280e-13    1.79522385e-10    1.70151020e-02   -7.95420382e-02   -2.04574942e-58    1.60000000e+00    1.80000000e+00
17       1.70000000e+00    4.50680500e-01    4.06188190e-06    3.68822797e-04    1.14525778e+00    5.44423797e-01    2.71645095e-06    2.74384273e-04    8.92317729e-01    1.79894405e-04    7.19009135e-01    7.16224768e-14    1.12286688e-10    2.32531141e-02    7.29694774e-01    1.94176177e-14    2.88547298e-11    1.70121814e-02   -7.96044740e-02    1.34254543e-55    1.70000000e+00    1.80000000e+00
18       1.80000000e+00    4.50680500e-01    5.07839872e-06    3.88763497e-04    1.25944779e+00    5.44423797e-01    3.27401161e-06    2.87970657e-04    9.68170447e-01    2.08025968e-04    7.19009135e-01    1.13310108e-14    1.78374580e-11    2.32514530e-02    7.29694774e-01    3.08839050e-15    4.59821382e-12    1.70117136e-02   -7.96704795e-02   -1.66668504e-55    1.80000000e+00    1.80000000e+00
End of Xyce(TM) Simulation
