Index       V(VI)       N(XM1:MSKY130_FD_PR__NFET_01V8_LVT:VTH) N(XM1:MSKY130_FD_PR__NFET_01V8_LVT:GDS) N(XM1:MSKY130_FD_PR__NFET_01V8_LVT:GM) N(XM1:MSKY130_FD_PR__NFET_01V8_LVT:VDSAT) N(XM2:MSKY130_FD_PR__NFET_01V8:VTH) N(XM2:MSKY130_FD_PR__NFET_01V8:GDS) N(XM2:MSKY130_FD_PR__NFET_01V8:GM) N(XM2:MSKY130_FD_PR__NFET_01V8:VDSAT) ID(XM2:MSKY130_FD_PR__NFET_01V8) N(XM4:MSKY130_FD_PR__PFET_01V8:VTH) N(XM4:MSKY130_FD_PR__PFET_01V8:GDS) N(XM4:MSKY130_FD_PR__PFET_01V8:GM) N(XM4:MSKY130_FD_PR__PFET_01V8:VDSAT) N(XM5:MSKY130_FD_PR__PFET_01V8_HVT:VTH) N(XM5:MSKY130_FD_PR__PFET_01V8_HVT:GDS) N(XM5:MSKY130_FD_PR__PFET_01V8_HVT:GM) N(XM5:MSKY130_FD_PR__PFET_01V8_HVT:VDSAT)      I(VDD)            I(VSIG)            V(VI)           V(SUPPLY)    
0        0.00000000e+00    4.36173877e-01    2.53002794e-15    3.57438290e-13    3.65493251e-02    5.09451911e-01    1.76170286e-16    1.27757990e-13    3.70905154e-02    1.81502155e-12    5.98898295e-01    5.10982191e-10    4.36051608e-07    6.18720360e-01    7.20484615e-01    3.85060380e-10    3.60638043e-07    5.32017063e-01   -7.91749125e-02    2.28777710e-53    0.00000000e+00    1.80000000e+00
1        1.00000000e-01    4.36173877e-01    5.62421666e-14    7.89656340e-12    3.65524710e-02    5.09451911e-01    2.24065773e-15    1.62086357e-12    3.70917604e-02    1.87386958e-12    5.98898295e-01    4.54733403e-10    3.92349485e-07    5.61009692e-01    7.20484615e-01    3.44677535e-10    3.28529847e-07    4.81058846e-01   -7.91747760e-02    0.00000000e+00    1.00000000e-01    1.80000000e+00
2        2.00000000e-01    4.36173877e-01    1.19430232e-12    1.63267835e-10    3.66191120e-02    5.09451911e-01    2.81288705e-14    2.01803866e-11    3.71073734e-02    2.61212329e-12    5.98898295e-01    4.01852873e-10    3.49569234e-07    5.04959894e-01    7.20484615e-01    3.05399889e-10    2.95740722e-07    4.30876173e-01   -7.91746529e-02    5.01143383e-52    2.00000000e-01    1.80000000e+00
3        3.00000000e-01    4.36173877e-01    2.10129945e-11    2.65150066e-09    3.77776471e-02    5.09451911e-01    3.37557539e-13    2.36892521e-10    3.72939810e-02    1.14808913e-11    5.98898295e-01    3.51839160e-10    3.07891076e-07    4.50500035e-01    7.20484615e-01    2.67053211e-10    2.62499342e-07    3.81422234e-01   -7.91745439e-02    6.26429229e-51    3.00000000e-01    1.80000000e+00
4        4.00000000e-01    4.36173877e-01    2.14028373e-10    2.60310176e-08    4.89644653e-02    5.09451911e-01    3.50727410e-12    2.43645283e-09    3.92049079e-02    1.07088593e-10    5.98898295e-01    3.04362274e-10    2.67483784e-07    3.97564114e-01    7.20484615e-01    2.29519221e-10    2.29015326e-07    3.32634036e-01   -7.91744500e-02    6.43969247e-50    4.00000000e-01    1.80000000e+00
5        5.00000000e-01    4.36173877e-01    9.47955659e-10    1.28349602e-07    9.06385902e-02    5.09451911e-01    2.51854113e-11    2.13234577e-08    5.22433564e-02    9.92279655e-10    5.98898295e-01    2.59207779e-10    2.28492849e-07    3.46093333e-01    7.20484615e-01    1.92719117e-10    1.95404280e-07    2.84433869e-01   -7.91743764e-02   -2.86107064e-54    5.00000000e-01    1.80000000e+00
6        6.00000000e-01    4.36173877e-01    2.20720097e-09    3.02030702e-07    1.60447923e-01    5.09451911e-01    9.86032593e-11    1.15347740e-07    9.60312029e-02    6.93505882e-09    5.98898295e-01    2.16245397e-10    1.91020109e-07    2.96044065e-01    7.20484615e-01    1.56624873e-10    1.61557351e-07    2.36760734e-01   -7.91743354e-02    3.40133537e-54    6.00000000e-01    1.80000000e+00
7        7.00000000e-01    4.36173877e-01    3.69939805e-09    4.86276232e-07    2.41957225e-01    5.09451911e-01    2.21207485e-10    2.81328393e-07    1.68061773e-01    2.66145658e-08    5.98898295e-01    1.75423120e-10    1.55092616e-07    2.47412607e-01    7.20484615e-01    1.21344501e-10    1.27029461e-07    1.89697774e-01   -7.91743386e-02   -1.28280555e-54    7.00000000e-01    1.80000000e+00
8        8.00000000e-01    4.36173877e-01    5.30445872e-09    6.76491301e-07    3.29403375e-01    5.09451911e-01    3.59626066e-10    4.35428566e-07    2.48051839e-01    6.26673757e-08    5.98898295e-01    1.36804027e-10    1.20640970e-07    2.00306580e-01    7.20484615e-01    8.73780843e-11    9.13620519e-08    1.43839161e-01   -7.91743885e-02    2.40378895e-54    8.00000000e-01    1.80000000e+00
9        9.00000000e-01    4.36173877e-01    6.99965343e-09    8.77418852e-07    4.22460957e-01    5.09451911e-01    5.00055490e-10    5.72973707e-07    3.27992299e-01    1.13150175e-07    5.98898295e-01    1.00691228e-10    8.76043310e-08    1.55133491e-01    7.20484615e-01    5.61291525e-11    5.57984377e-08    1.01047550e-01   -7.91744832e-02   -2.54339502e-54    9.00000000e-01    1.80000000e+00
10       1.00000000e+00    4.36173877e-01    8.78070624e-09    1.08944181e-06    5.21763304e-01    5.09451911e-01    6.42189600e-10    7.07780880e-07    4.07687600e-01    1.77184728e-07    5.98898295e-01    6.79075411e-11    5.65156392e-08    1.13020052e-01    7.20484615e-01    3.03208070e-11    2.58901639e-08    6.51659477e-02   -7.91746220e-02    3.98205433e-54    1.00000000e+00    1.80000000e+00
11       1.10000000e+00    4.36173877e-01    1.06467610e-08    1.31170036e-06    6.28055665e-01    5.09451911e-01    7.88114180e-10    8.42724127e-07    4.87995009e-01    2.54711051e-07    5.98898295e-01    4.01515722e-11    2.98244962e-08    7.64011617e-02    7.20484615e-01    1.29297688e-11    8.39599293e-09    4.06580198e-02   -7.91748040e-02   -4.85616180e-54    1.10000000e+00    1.80000000e+00
12       1.20000000e+00    4.36173877e-01    1.26012853e-08    1.54361397e-06    7.42147194e-01    5.09451911e-01    9.40162510e-10    9.76056713e-07    5.69446497e-01    3.45670756e-07    5.98898295e-01    1.97114392e-11    1.17826229e-08    4.87812774e-02    7.20484615e-01    4.22597854e-12    2.06453088e-09    2.82798843e-02   -7.91750279e-02    1.93233352e-54    1.20000000e+00    1.80000000e+00
13       1.30000000e+00    4.36173877e-01    1.46575926e-08    1.78522597e-06    8.64949536e-01    5.09451911e-01    1.10143625e-09    1.10548451e-06    6.52298416e-01    4.49786771e-07    5.98898295e-01    7.63630663e-12    3.48041858e-09    3.21730647e-02    7.20484615e-01    1.09556695e-12    4.66498535e-10    2.38082774e-02   -7.91752921e-02   -2.22571914e-54    1.30000000e+00    1.80000000e+00
14       1.40000000e+00    4.36173877e-01    1.68534713e-08    2.03727452e-06    9.97512772e-01    5.09451911e-01    1.27685458e-09    1.22912273e-06    7.36679634e-01    5.66570522e-07    5.98898295e-01    2.25063089e-12    8.64950303e-10    2.46903097e-02    7.20484615e-01    2.42933026e-13    1.01827398e-10    2.25884809e-02   -7.91755959e-02    2.45842185e-54    1.40000000e+00    1.80000000e+00
15       1.50000000e+00    4.36173877e-01    1.92996383e-08    2.30117876e-06    1.14105977e+00    5.09451911e-01    1.47471968e-09    1.34554226e-06    8.22670507e-01    6.95368084e-07    5.98898295e-01    5.05456169e-13    1.92359372e-10    2.22552413e-02    7.20484615e-01    4.94069960e-14    2.10247527e-11    2.23115064e-02   -7.91759392e-02   -4.27544088e-54    1.50000000e+00    1.80000000e+00
16       1.60000000e+00    4.36173877e-01    2.23838382e-08    2.57872526e-06    1.29702532e+00    5.09451911e-01    1.70945063e-09    1.45368016e-06    9.10335549e-01    8.35401499e-07    5.98898295e-01    9.23352642e-14    3.68538776e-11    2.16780539e-02    7.20484615e-01    9.63198354e-15    4.15038083e-12    2.22545752e-02   -7.91763219e-02    4.56277534e-54    1.60000000e+00    1.80000000e+00
17       1.70000000e+00    4.36173877e-01    2.79227370e-08    2.86980039e-06    1.46710452e+00    5.09451911e-01    2.00688779e-09    1.55277007e-06    9.99735596e-01    9.85801812e-07    5.98898295e-01    1.49976497e-14    6.19958851e-12    2.15699703e-02    7.20484615e-01    1.84167411e-15    7.98916629e-13    2.22434245e-02   -7.91767441e-02   -2.17108747e-54    1.70000000e+00    1.80000000e+00
18       1.80000000e+00    4.36173877e-01    4.78450985e-08    3.15404558e-06    1.65331468e+00    5.09451911e-01    2.41535684e-09    1.64229294e-06    1.09093206e+00    1.14563627e-06    5.98898295e-01    2.30671151e-15    9.69825652e-13    2.15522330e-02    7.20484615e-01    3.49107665e-16    1.51923658e-13    2.22412881e-02   -7.91772053e-02    3.68340387e-50    1.80000000e+00    1.80000000e+00
End of Xyce(TM) Simulation
