Index       V(VI)       N(XM1:MSKY130_FD_PR__NFET_01V8_LVT:VTH) N(XM1:MSKY130_FD_PR__NFET_01V8_LVT:GDS) N(XM1:MSKY130_FD_PR__NFET_01V8_LVT:GM) N(XM1:MSKY130_FD_PR__NFET_01V8_LVT:VDSAT) N(XM2:MSKY130_FD_PR__NFET_01V8:VTH) N(XM2:MSKY130_FD_PR__NFET_01V8:GDS) N(XM2:MSKY130_FD_PR__NFET_01V8:GM) N(XM2:MSKY130_FD_PR__NFET_01V8:VDSAT) ID(XM2:MSKY130_FD_PR__NFET_01V8) N(XM4:MSKY130_FD_PR__PFET_01V8:VTH) N(XM4:MSKY130_FD_PR__PFET_01V8:GDS) N(XM4:MSKY130_FD_PR__PFET_01V8:GM) N(XM4:MSKY130_FD_PR__PFET_01V8:VDSAT) N(XM5:MSKY130_FD_PR__PFET_01V8_HVT:VTH) N(XM5:MSKY130_FD_PR__PFET_01V8_HVT:GDS) N(XM5:MSKY130_FD_PR__PFET_01V8_HVT:GM) N(XM5:MSKY130_FD_PR__PFET_01V8_HVT:VDSAT)      I(VDD)            I(VSIG)            V(VI)           V(SUPPLY)    
0        0.00000000e+00    4.75600922e-01    5.21760905e-14    6.52787065e-12    3.83353958e-02    5.75242497e-01    1.29132516e-14    1.74909401e-12    3.99579881e-02    1.87697424e-12    6.09231046e-01    2.53157613e-07    2.82439649e-05    7.73652067e-01    6.62496724e-01    2.24583199e-07    2.66301904e-05    7.26203519e-01   -7.92252476e-02    4.31937050e-55    0.00000000e+00    1.80000000e+00
1        1.00000000e-01    4.75600922e-01    1.24957977e-12    1.55696432e-10    3.83364396e-02    5.75242497e-01    1.76041753e-13    2.38179934e-11    3.99582175e-02    2.72303924e-12    6.09231046e-01    1.95096096e-07    2.51532898e-05    6.93779853e-01    6.62496724e-01    1.71772581e-07    2.35188023e-05    6.45255698e-01   -7.92165201e-02    0.00000000e+00    1.00000000e-01    1.80000000e+00
2        2.00000000e-01    4.75600922e-01    2.89840426e-11    3.54252044e-09    3.83606138e-02    5.75242497e-01    2.38540671e-12    3.21433446e-10    3.99613236e-02    1.41825014e-11    6.09231046e-01    1.49200384e-07    2.21790737e-05    6.17840044e-01    6.62496724e-01    1.30063075e-07    2.05811098e-05    5.68878486e-01   -7.92087098e-02    4.86587699e-56    2.00000000e-01    1.80000000e+00
3        3.00000000e-01    4.75600922e-01    5.83985200e-10    6.63577818e-08    3.88438860e-02    5.75242497e-01    3.16193946e-11    4.20241365e-09    4.00024206e-02    1.65918198e-10    6.09231046e-01    1.12712403e-07    1.93272722e-05    5.45504548e-01    6.62496724e-01    9.69124422e-08    1.78164369e-05    4.96517795e-01   -7.92018269e-02   -1.06592104e-55    3.00000000e-01    1.80000000e+00
4        4.00000000e-01    4.75600922e-01    7.42910039e-09    7.49276743e-07    4.47618679e-02    5.75242497e-01    3.88275242e-10    4.97438816e-08    4.05034024e-02    2.03291389e-09    6.09231046e-01    8.36726996e-08    1.66042531e-05    4.76485072e-01    6.62496724e-01    7.05225326e-08    1.52211849e-05    4.27621511e-01   -7.91958835e-02   -1.36912785e-55    4.00000000e-01    1.80000000e+00
5        5.00000000e-01    4.75600922e-01    4.19740717e-08    4.36970491e-06    7.38489981e-02    5.75242497e-01    3.78454083e-09    4.73728004e-07    4.52370144e-02    2.12551177e-08    6.09231046e-01    6.06440516e-08    1.40156832e-05    4.10530992e-01    6.62496724e-01    4.95878830e-08    1.27801427e-05    3.61625793e-01   -7.91910213e-02   -7.94435759e-57    5.00000000e-01    1.80000000e+00
6        6.00000000e-01    4.75600921e-01    1.14466886e-07    1.22153361e-05    1.31849758e-01    5.75242497e-01    2.24758220e-08    3.21360249e-06    7.01688669e-02    1.70139936e-07    6.09231046e-01    4.25436116e-08    1.15645419e-05    3.47436996e-01    6.62496724e-01    3.31584608e-08    1.04527368e-05    2.97996431e-01   -7.91877081e-02    1.25832817e-55    6.00000000e-01    1.80000000e+00
7        7.00000000e-01    4.75600920e-01    2.06246620e-07    2.08361618e-05    2.00774585e-01    5.75242495e-01    7.21900826e-08    1.09944869e-05    1.28903070e-01    8.45686089e-07    6.09231046e-01    2.85392970e-08    9.24855683e-06    2.87077912e-01    6.62496724e-01    2.05731751e-08    8.16297234e-06    2.36431381e-01   -7.91865488e-02   -1.16816838e-56    7.00000000e-01    1.80000000e+00
8        8.00000000e-01    4.75600920e-01    3.04800126e-07    2.89432087e-05    2.70236056e-01    5.75242493e-01    1.48768704e-07    1.99233438e-05    2.04006876e-01    2.40266890e-06    6.09231046e-01    1.79853312e-08    7.05980751e-06    2.29513435e-01    6.62496724e-01    1.14167394e-08    5.83233156e-06    1.77417838e-01   -7.91878381e-02   -7.12057812e-56    8.00000000e-01    1.80000000e+00
9        9.00000000e-01    4.75600921e-01    4.07456216e-07    3.66505083e-05    3.38265480e-01    5.75242492e-01    2.42386699e-07    2.73819177e-05    2.79197061e-01    4.77824054e-06    6.09231046e-01    1.03768857e-08    4.99684328e-06    1.75247600e-01    6.62496724e-01    5.40458481e-09    3.52583658e-06    1.23233057e-01   -7.91914204e-02   -3.89089333e-56    9.00000000e-01    1.80000000e+00
10       1.00000000e+00    4.75600921e-01    5.14400566e-07    4.39640795e-05    4.04891813e-01    5.75242492e-01    3.50806967e-07    3.40413923e-05    3.51318304e-01    7.85333120e-06    6.09231046e-01    5.29495141e-09    3.10999487e-06    1.25728098e-01    6.62496724e-01    2.10063875e-09    1.62152565e-06    7.85308105e-02   -7.91970697e-02    1.41714837e-56    1.00000000e+00    1.80000000e+00
11       1.10000000e+00    4.75600922e-01    6.26632893e-07    5.08236360e-05    4.70459757e-01    5.75242493e-01    4.75519170e-07    4.03162766e-05    4.20910609e-01    1.15739532e-05    6.09231046e-01    2.30491831e-09    1.56813823e-06    8.38475506e-02    6.62496724e-01    6.78956369e-10    5.30101463e-07    4.81338765e-02   -7.92045692e-02   -9.06177618e-57    1.10000000e+00    1.80000000e+00
12       1.20000000e+00    4.75600922e-01    7.45715966e-07    5.71920229e-05    5.35385527e-01    5.75242494e-01    6.18748656e-07    4.62170373e-05    4.88630361e-01    1.59038703e-05    6.09231046e-01    8.41686351e-10    5.90762775e-07    5.32618177e-02    6.62496724e-01    1.95301563e-10    1.33967460e-07    3.22799970e-02   -7.92136811e-02    4.93028767e-56    1.20000000e+00    1.80000000e+00
13       1.30000000e+00    4.75600922e-01    8.73861223e-07    6.30698748e-05    6.00121497e-01    5.75242495e-01    7.82872422e-07    5.16710075e-05    5.54889582e-01    2.08021113e-05    6.09231046e-01    2.60899380e-10    1.67328254e-07    3.55050378e-02    6.62496724e-01    5.24012348e-11    3.19581915e-08    2.60299973e-02   -7.92241858e-02    5.65609456e-56    1.30000000e+00    1.80000000e+00
14       1.40000000e+00    4.75600922e-01    1.01412202e-06    6.84882048e-05    6.65140049e-01    5.75242496e-01    9.70522523e-07    5.66240207e-05    6.19973014e-01    2.62210561e-05    6.09231046e-01    6.92850256e-11    4.06386686e-08    2.78177618e-02    6.62496724e-01    1.32074393e-11    7.79409215e-09    2.40751627e-02   -7.92359129e-02    7.76896508e-56    1.40000000e+00    1.80000000e+00
15       1.50000000e+00    4.75600922e-01    1.17071222e-06    7.34980867e-05    7.30920017e-01    5.75242497e-01    1.18480281e-06    6.10508324e-05    6.84121906e-01    3.21091379e-05    6.09231046e-01    1.58154321e-11    9.23913892e-09    2.53721142e-02    6.62496724e-01    3.16012909e-12    1.87746696e-09    2.35519245e-02   -7.92487325e-02    9.70588677e-56    1.50000000e+00    1.80000000e+00
16       1.60000000e+00    4.75600922e-01    1.34952738e-06    7.81615061e-05    7.97936673e-01    5.75242497e-01    1.42953421e-06    6.49475612e-05    7.47566533e-01    3.84133945e-05    6.09231046e-01    3.20404737e-12    1.93083956e-09    2.47701029e-02    6.62496724e-01    7.31037460e-13    4.39239187e-10    2.34239405e-02   -7.92625309e-02   -6.10266626e-56    1.60000000e+00    1.80000000e+00
17       1.70000000e+00    4.75600922e-01    1.55900694e-06    8.25438314e-05    8.66655721e-01    5.75242497e-01    1.70955195e-06    6.83242281e-05    8.10534774e-01    4.50812192e-05    6.09231046e-01    6.04220546e-13    3.73032187e-10    2.46447094e-02    6.62496724e-01    1.65986070e-13    1.00482214e-10    2.33940843e-02   -7.92771971e-02    9.44388777e-56    1.70000000e+00    1.80000000e+00
18       1.80000000e+00    4.75600922e-01    1.81159413e-06    8.67074605e-05    9.37530782e-01    5.75242497e-01    2.03109885e-06    7.11994575e-05    8.73252207e-01    5.20614743e-05    6.09231046e-01    1.09932207e-13    6.87388102e-11    2.46208198e-02    6.62496724e-01    3.73314907e-14    2.26912252e-11    2.33872819e-02   -7.92926283e-02    6.90150614e-56    1.80000000e+00    1.80000000e+00
End of Xyce(TM) Simulation
