Index       V(VI)       N(XM1:MSKY130_FD_PR__NFET_01V8_LVT:VTH) N(XM1:MSKY130_FD_PR__NFET_01V8_LVT:GDS) N(XM1:MSKY130_FD_PR__NFET_01V8_LVT:GM) N(XM1:MSKY130_FD_PR__NFET_01V8_LVT:VDSAT) N(XM2:MSKY130_FD_PR__NFET_01V8:VTH) N(XM2:MSKY130_FD_PR__NFET_01V8:GDS) N(XM2:MSKY130_FD_PR__NFET_01V8:GM) N(XM2:MSKY130_FD_PR__NFET_01V8:VDSAT) ID(XM2:MSKY130_FD_PR__NFET_01V8) N(XM4:MSKY130_FD_PR__PFET_01V8:VTH) N(XM4:MSKY130_FD_PR__PFET_01V8:GDS) N(XM4:MSKY130_FD_PR__PFET_01V8:GM) N(XM4:MSKY130_FD_PR__PFET_01V8:VDSAT) N(XM5:MSKY130_FD_PR__PFET_01V8_HVT:VTH) N(XM5:MSKY130_FD_PR__PFET_01V8_HVT:GDS) N(XM5:MSKY130_FD_PR__PFET_01V8_HVT:GM) N(XM5:MSKY130_FD_PR__PFET_01V8_HVT:VDSAT)      I(VDD)            I(VSIG)            V(VI)           V(SUPPLY)    
0        0.00000000e+00    4.62745487e-01    4.50775297e-13    6.50445857e-11    3.65983811e-02    5.56799411e-01    6.50177656e-14    1.19415025e-11    3.95163386e-02    2.25014107e-12    7.17123935e-01    1.12892396e-06    2.13451896e-04    6.85700393e-01    7.40454991e-01    1.30877595e-06    2.97716472e-04    7.23606483e-01   -7.96386741e-02    4.66604969e-55    0.00000000e+00    1.80000000e+00
1        1.00000000e-01    4.62745487e-01    1.04988857e-11    1.50947172e-09    3.65994462e-02    5.56799411e-01    9.80760305e-13    1.79951206e-10    3.95165190e-02    8.44932857e-12    7.17123934e-01    8.69558696e-07    1.89542364e-04    6.07025621e-01    7.40454991e-01    9.12363603e-07    2.37528344e-04    6.01878353e-01   -7.95496310e-02    0.00000000e+00    1.00000000e-01    1.80000000e+00
2        2.00000000e-01    4.62745487e-01    2.37878206e-10    3.36410697e-08    3.66235461e-02    5.56799411e-01    1.47088054e-11    2.68855803e-09    3.95192233e-02    1.01387234e-10    7.17123934e-01    6.62504019e-07    1.66560141e-04    5.32871806e-01    7.40454991e-01    6.42216207e-07    1.90035000e-04    4.99396496e-01   -7.94731654e-02   -5.21458615e-56    2.00000000e-01    1.80000000e+00
3        3.00000000e-01    4.62745487e-01    4.76961373e-09    6.35093730e-07    3.71033815e-02    5.56799411e-01    2.15761994e-10    3.89107215e-08    3.95588273e-02    1.46355133e-09    7.17123933e-01    4.96544000e-07    1.44469092e-04    4.62828804e-01    7.40454990e-01    4.50304780e-07    1.51757331e-04    4.11851204e-01   -7.94081837e-02    6.17748574e-56    3.00000000e-01    1.80000000e+00
4        4.00000000e-01    4.62745486e-01    6.26485713e-08    7.72714702e-06    4.31902790e-02    5.56799411e-01    2.91842653e-09    5.07954959e-07    4.00909301e-02    1.99647924e-08    7.17123933e-01    3.63664106e-07    1.23248911e-04    3.96535592e-01    7.40454990e-01    3.10608647e-07    1.20340406e-04    3.36088509e-01   -7.93539279e-02    3.46250714e-56    4.00000000e-01    1.80000000e+00
5        5.00000000e-01    4.62745480e-01    3.60151686e-07    4.84602388e-05    7.37345685e-02    5.56799411e-01    3.05275639e-08    5.31729942e-06    4.54975462e-02    2.29072852e-07    7.17123933e-01    2.57967301e-07    1.02878841e-04    3.33681044e-01    7.40454989e-01    2.07776638e-07    9.41095700e-05    2.69735781e-01   -7.93113719e-02    6.70377809e-56    5.00000000e-01    1.80000000e+00
6        6.00000000e-01    4.62745467e-01    9.55910070e-07    1.32628100e-04    1.32320481e-01    5.56799405e-01    1.81677152e-07    3.86024708e-05    7.41934754e-02    1.98899706e-06    7.17123933e-01    1.75019259e-07    8.33089210e-05    2.74026754e-01    7.40454989e-01    1.32204084e-07    7.17577897e-05    2.10998988e-01   -7.92853599e-02    4.65848603e-56    6.00000000e-01    1.80000000e+00
7        7.00000000e-01    4.62745458e-01    1.66860548e-06    2.19176537e-04    1.99009422e-01    5.56799388e-01    5.47996935e-07    1.26235447e-04    1.38070897e-01    9.93881981e-06    7.17123934e-01    1.11458611e-07    6.44312283e-05    2.17493885e-01    7.40454989e-01    7.77141594e-08    5.21399449e-05    1.58648389e-01   -7.92819075e-02   -9.02387923e-56    7.00000000e-01    1.80000000e+00
8        8.00000000e-01    4.62745457e-01    2.40516685e-06    2.98605697e-04    2.64722311e-01    5.56799372e-01    1.05061467e-06    2.15018340e-04    2.14953223e-01    2.71799097e-05    7.17123934e-01    6.47599852e-08    4.61436988e-05    1.64414645e-01    7.40454990e-01    4.03596755e-08    3.43648253e-05    1.12302346e-01   -7.93028242e-02   -3.19925702e-56    8.00000000e-01    1.80000000e+00
9        9.00000000e-01    4.62745462e-01    3.15198191e-06    3.73134098e-04    3.28336324e-01    5.56799365e-01    1.61618833e-06    2.86237820e-04    2.89854139e-01    5.23393913e-05    7.17123935e-01    3.29677317e-08    2.87944424e-05    1.16098600e-01    7.40454991e-01    1.74284941e-08    1.86456970e-05    7.30643726e-02   -7.93454215e-02    4.26979018e-56    9.00000000e-01    1.80000000e+00
10       1.00000000e+00    4.62745468e-01    3.91339271e-06    4.42626716e-04    3.90169253e-01    5.56799366e-01    2.23854160e-06    3.50458161e-04    3.61349323e-01    8.42071897e-05    7.17123936e-01    1.40480976e-08    1.41424014e-05    7.55482903e-02    7.40454991e-01    5.94998693e-09    7.24588450e-06    4.37546222e-02   -7.94071000e-02    4.37737396e-56    1.00000000e+00    1.80000000e+00
11       1.10000000e+00    4.62745475e-01    4.69838907e-06    5.06416309e-04    4.50691133e-01    5.56799373e-01    2.93079168e-06    4.11118116e-04    4.30514008e-01    1.22314636e-04    7.17123936e-01    4.87694653e-09    4.92940657e-06    4.68092070e-02    7.40454991e-01    1.63155896e-09    1.88987259e-06    2.66042247e-02   -7.94855206e-02   -5.05315064e-56    1.10000000e+00    1.80000000e+00
12       1.20000000e+00    4.62745480e-01    5.51975498e-06    5.64312886e-04    5.10411785e-01    5.56799383e-01    3.70783031e-06    4.67752276e-04    4.98115972e-01    1.66294194e-04    7.17123936e-01    1.37938576e-09    1.24280679e-06    3.13238617e-02    7.40454991e-01    3.83243630e-10    3.92867668e-07    1.94890299e-02   -7.95783221e-02   -1.93875505e-55    1.20000000e+00    1.80000000e+00
13       1.30000000e+00    4.62745483e-01    6.39487136e-06    6.16640841e-04    5.69873076e-01    5.56799391e-01    4.58529181e-06    5.19539873e-04    5.64597230e-01    2.15700288e-04    7.17123936e-01    3.16788926e-10    2.66488490e-07    2.54562560e-02    7.40454991e-01    7.96488101e-11    7.87472477e-08    1.74074703e-02   -7.96835992e-02   -2.27252424e-56    1.30000000e+00    1.80000000e+00
14       1.40000000e+00    4.62745485e-01    7.34706535e-06    6.64073284e-04    6.29634233e-01    5.56799399e-01    5.58124669e-06    5.66037093e-04    6.30264995e-01    2.70022952e-04    7.17123936e-01    6.00493516e-11    5.16815371e-08    2.39057677e-02    7.40454991e-01    1.50616879e-11    1.51272899e-08    1.69379929e-02   -7.97999252e-02   -2.21856013e-56    1.40000000e+00    1.80000000e+00
15       1.50000000e+00    4.62745487e-01    8.40783682e-06    7.07475000e-04    6.90255778e-01    5.56799404e-01    6.71806107e-06    6.07136804e-04    6.95383252e-01    3.28725607e-04    7.17123936e-01    9.99674113e-12    8.91807758e-09    2.35962300e-02    7.40454991e-01    2.69342718e-12    2.75087125e-09    1.68468819e-02   -7.99260780e-02   -3.43261693e-56    1.50000000e+00    1.80000000e+00
16       1.60000000e+00    4.62745487e-01    9.62055004e-06    7.47785440e-04    7.52288108e-01    5.56799408e-01    8.02448938e-06    6.42945940e-04    7.60203085e-01    3.91272471e-04    7.17123936e-01    1.55714074e-12    1.41783710e-09    2.35437924e-02    7.40454991e-01    4.68700318e-13    4.83086404e-10    1.68304510e-02   -8.00608895e-02   -4.31762912e-56    1.60000000e+00    1.80000000e+00
17       1.70000000e+00    4.62745487e-01    1.10465522e-05    7.85937361e-04    8.16265685e-01    5.56799410e-01    9.53843249e-06    6.73697855e-04    8.24969516e-01    4.57145308e-04    7.17123936e-01    2.35609504e-13    2.16486892e-10    2.35355748e-02    7.40454991e-01    8.05805667e-14    8.34017049e-11    1.68275832e-02   -8.02032803e-02    6.28504318e-56    1.70000000e+00    1.80000000e+00
18       1.80000000e+00    4.62745487e-01    1.27754762e-05    8.22800443e-04    8.82705856e-01    5.56799411e-01    1.13109050e-05    6.99695407e-04    8.89921106e-01    5.25853073e-04    7.17123936e-01    3.52329459e-14    3.24928842e-11    2.35343287e-02    7.40454991e-01    1.37825364e-14    1.42907322e-11    1.68270896e-02   -8.03523790e-02   -1.02559543e-55    1.80000000e+00    1.80000000e+00
End of Xyce(TM) Simulation
