Index       V(VI)       N(XM1:MSKY130_FD_PR__NFET_01V8_LVT:VTH) N(XM1:MSKY130_FD_PR__NFET_01V8_LVT:GDS) N(XM1:MSKY130_FD_PR__NFET_01V8_LVT:GM) N(XM1:MSKY130_FD_PR__NFET_01V8_LVT:VDSAT) N(XM2:MSKY130_FD_PR__NFET_01V8:VTH) N(XM2:MSKY130_FD_PR__NFET_01V8:GDS) N(XM2:MSKY130_FD_PR__NFET_01V8:GM) N(XM2:MSKY130_FD_PR__NFET_01V8:VDSAT) ID(XM2:MSKY130_FD_PR__NFET_01V8) N(XM4:MSKY130_FD_PR__PFET_01V8:VTH) N(XM4:MSKY130_FD_PR__PFET_01V8:GDS) N(XM4:MSKY130_FD_PR__PFET_01V8:GM) N(XM4:MSKY130_FD_PR__PFET_01V8:VDSAT) N(XM5:MSKY130_FD_PR__PFET_01V8_HVT:VTH) N(XM5:MSKY130_FD_PR__PFET_01V8_HVT:GDS) N(XM5:MSKY130_FD_PR__PFET_01V8_HVT:GM) N(XM5:MSKY130_FD_PR__PFET_01V8_HVT:VDSAT)      I(VDD)            I(VSIG)            V(VI)           V(SUPPLY)    
0        0.00000000e+00    4.52983130e-01    9.61243487e-14    1.46886744e-11    3.69043751e-02    5.48222874e-01    1.24586870e-14    2.70481990e-12    3.80534467e-02    1.91019912e-12    6.90218070e-01    1.15269301e-07    3.87717842e-05    6.63557369e-01    7.07362091e-01    9.03403854e-08    3.35396843e-05    5.51683074e-01   -7.92484938e-02    8.84683591e-55    0.00000000e+00    1.80000000e+00
1        1.00000000e-01    4.52983130e-01    2.23714676e-12    3.40431152e-10    3.69058370e-02    5.48222874e-01    1.85342952e-13    4.01922452e-11    3.80536804e-02    3.30062956e-12    6.90218070e-01    8.94509129e-08    3.47619091e-05    5.92733444e-01    7.07362091e-01    6.95546481e-08    2.90279626e-05    4.88613549e-01   -7.92350527e-02    0.00000000e+00    1.00000000e-01    1.80000000e+00
2        2.00000000e-01    4.52983130e-01    5.04372612e-11    7.53185669e-09    3.69387456e-02    5.48222874e-01    2.73912730e-12    5.91431622e-10    3.80571316e-02    2.38410814e-11    6.90218070e-01    6.87192682e-08    3.08704309e-05    5.25088603e-01    7.07362091e-01    5.28111039e-08    2.49021290e-05    4.28996403e-01   -7.92232349e-02   -2.90523407e-55    2.00000000e-01    1.80000000e+00
3        3.00000000e-01    4.52983130e-01    9.89441139e-10    1.38428506e-07    3.75791064e-02    5.48222874e-01    3.94805032e-11    8.39852191e-09    3.81067823e-02    3.19670720e-10    6.90218070e-01    5.20092760e-08    2.70929154e-05    4.60383744e-01    7.07362091e-01    3.93304584e-08    2.11390792e-05    3.72448764e-01   -7.92129927e-02    3.07851790e-56    3.00000000e-01    1.80000000e+00
4        4.00000000e-01    4.52983130e-01    1.22258927e-08    1.61124128e-06    4.51881268e-02    5.48222874e-01    5.19861421e-10    1.06721976e-07    3.87556492e-02    4.24143731e-09    6.90218070e-01    3.85468333e-08    2.34258898e-05    3.98400615e-01    7.07362091e-01    2.85139776e-08    1.77122558e-05    3.18566971e-01   -7.92043037e-02   -1.26607256e-55    4.00000000e-01    1.80000000e+00
5        5.00000000e-01    4.52983128e-01    6.51252808e-08    9.53313825e-06    8.02514266e-02    5.48222874e-01    5.17784531e-09    1.09084845e-06    4.50187020e-02    4.74158521e-08    6.90218070e-01    2.77560859e-08    1.98640428e-05    3.38944800e-01    7.07362091e-01    1.98973708e-08    1.45795959e-05    2.66915569e-01   -7.91974603e-02    8.58318428e-56    5.00000000e-01    1.80000000e+00
6        6.00000000e-01    4.52983125e-01    1.66159677e-07    2.47628114e-05    1.45071776e-01    5.48222872e-01    2.87150290e-08    7.64054923e-06    7.58958850e-02    4.01558826e-07    6.90218070e-01    1.92017866e-08    1.63949619e-05    2.81867065e-01    7.07362091e-01    1.31279312e-08    1.16637882e-05    2.17071366e-01   -7.91934245e-02   -7.05414370e-56    6.00000000e-01    1.80000000e+00
7        7.00000000e-01    4.52983123e-01    2.87909607e-07    4.04862246e-05    2.20778849e-01    5.48222869e-01    8.15882700e-08    2.36021808e-05    1.40932756e-01    1.91975518e-06    6.90218070e-01    1.25543165e-08    1.29931963e-05    2.27138858e-01    7.07362091e-01    7.95981902e-09    8.83936544e-06    1.68841978e-01   -7.91933158e-02   -7.22748226e-56    7.00000000e-01    1.80000000e+00
8        8.00000000e-01    4.52983123e-01    4.17657545e-07    5.56777540e-05    2.99473504e-01    5.48222866e-01    1.51011497e-07    3.93607509e-05    2.18391961e-01    5.09768215e-06    6.90218070e-01    7.56852853e-09    9.62834732e-06    1.75065898e-01    7.07362091e-01    4.24947107e-09    5.99587113e-06    1.22877476e-01   -7.91975019e-02   -7.25797054e-56    8.00000000e-01    1.80000000e+00
9        9.00000000e-01    4.52983125e-01    5.53659980e-07    7.07970421e-05    3.80241319e-01    5.48222865e-01    2.27653536e-07    5.23955249e-05    2.95071115e-01    9.69911020e-06    6.90218070e-01    4.06176265e-09    6.33487611e-06    1.26771079e-01    7.07362091e-01    1.89642332e-09    3.28384363e-06    8.17015619e-02   -7.92056388e-02    8.10415695e-56    9.00000000e-01    1.80000000e+00
10       1.00000000e+00    4.52983127e-01    6.96573866e-07    8.58162079e-05    4.63331087e-01    5.48222866e-01    3.11230186e-07    6.45483264e-05    3.69836609e-01    1.55495462e-05    6.90218070e-01    1.86083750e-09    3.38660360e-06    8.48818369e-02    7.07362091e-01    6.86090749e-10    1.28122215e-06    4.98674101e-02   -7.92174207e-02    4.79073119e-57    1.00000000e+00    1.80000000e+00
11       1.10000000e+00    4.52983129e-01    8.47867165e-07    1.00558607e-04    5.49042236e-01    5.48222867e-01    4.03825478e-07    7.63653073e-05    4.43646778e-01    2.25978871e-05    6.90218070e-01    7.05770476e-10    1.32451128e-06    5.33580560e-02    7.07362091e-01    2.07238861e-10    3.45703474e-07    3.07142451e-02   -7.92325636e-02   -7.29893323e-56    1.10000000e+00    1.80000000e+00
12       1.20000000e+00    4.52983130e-01    1.01004740e-06    1.14869816e-04    6.37658700e-01    5.48222869e-01    5.07854467e-07    8.77512269e-05    5.17140980e-01    3.08077672e-05    6.90218070e-01    2.20749469e-10    3.70404829e-07    3.46866655e-02    7.07362091e-01    5.52488445e-11    7.71421321e-08    2.23096866e-02   -7.92507509e-02   -2.20183123e-56    1.20000000e+00    1.80000000e+00
13       1.30000000e+00    4.52983130e-01    1.18732094e-06    1.28644403e-04    7.29477573e-01    5.48222871e-01    6.26073765e-07    9.85450439e-05    5.90641971e-01    4.01277998e-05    6.90218070e-01    5.71816490e-11    8.52791750e-08    2.66568995e-02    7.07362091e-01    1.33392360e-11    1.71883424e-08    1.95727772e-02   -7.92717128e-02    7.97175054e-56    1.30000000e+00    1.80000000e+00
14       1.40000000e+00    4.52983130e-01    1.38674151e-06    1.41821236e-04    8.24824566e-01    5.48222872e-01    7.61925654e-07    1.08638615e-04    6.64338301e-01    5.04929272e-05    6.90218070e-01    1.24227754e-11    1.82299329e-08    2.41949128e-02    7.07362091e-01    2.97865116e-12    3.82297335e-09    1.88561151e-02   -7.92952484e-02    9.13364796e-56    1.40000000e+00    1.80000000e+00
15       1.50000000e+00    4.52983130e-01    1.62038626e-06    1.54374142e-04    9.24059625e-01    5.48222873e-01    9.19954025e-07    1.17972673e-04    7.38375596e-01    6.18298411e-05    6.90218070e-01    2.37081876e-12    3.57788776e-09    2.36220812e-02    7.07362091e-01    6.32988120e-13    8.22323109e-10    1.86913741e-02   -7.93211857e-02   -4.00211585e-55    1.50000000e+00    1.80000000e+00
16       1.60000000e+00    4.52983130e-01    1.90982884e-06    1.66299143e-04    1.02757935e+00    5.48222873e-01    1.10635632e-06    1.26519671e-04    8.12890065e-01    7.40609975e-05    6.90218070e-01    4.20465080e-13    6.49075744e-10    2.35100259e-02    7.07362091e-01    1.30998736e-13    1.71744477e-10    1.86559952e-02   -7.93493493e-02   -3.31281377e-56    1.60000000e+00    1.80000000e+00
17       1.70000000e+00    4.52983130e-01    2.29612192e-06    1.77592917e-04    1.13581895e+00    5.48222874e-01    1.32980906e-06    1.34271843e-04    8.88018602e-01    8.71071560e-05    6.90218070e-01    7.20081162e-14    1.12464029e-10    2.34899740e-02    7.07362091e-01    2.67625186e-14    3.52603075e-11    1.86486434e-02   -7.93795545e-02   -2.77280104e-56    1.70000000e+00    1.80000000e+00
18       1.80000000e+00    4.52983130e-01    2.86427626e-06    1.88208187e-04    1.24925477e+00    5.48222874e-01    1.60278467e-06    1.41233431e-04    9.63900830e-01    1.00888956e-04    6.90218070e-01    1.21450744e-14    1.90675660e-11    2.34865282e-02    7.07362091e-01    5.43460690e-15    7.17739031e-12    1.86471390e-02   -7.94116201e-02   -1.36902377e-55    1.80000000e+00    1.80000000e+00
End of Xyce(TM) Simulation
