Index       V(VI)       N(XM1:MSKY130_FD_PR__NFET_01V8_LVT:VTH) N(XM1:MSKY130_FD_PR__NFET_01V8_LVT:GDS) N(XM1:MSKY130_FD_PR__NFET_01V8_LVT:GM) N(XM1:MSKY130_FD_PR__NFET_01V8_LVT:VDSAT) N(XM2:MSKY130_FD_PR__NFET_01V8:VTH) N(XM2:MSKY130_FD_PR__NFET_01V8:GDS) N(XM2:MSKY130_FD_PR__NFET_01V8:GM) N(XM2:MSKY130_FD_PR__NFET_01V8:VDSAT) ID(XM2:MSKY130_FD_PR__NFET_01V8) N(XM4:MSKY130_FD_PR__PFET_01V8:VTH) N(XM4:MSKY130_FD_PR__PFET_01V8:GDS) N(XM4:MSKY130_FD_PR__PFET_01V8:GM) N(XM4:MSKY130_FD_PR__PFET_01V8:VDSAT) N(XM5:MSKY130_FD_PR__PFET_01V8_HVT:VTH) N(XM5:MSKY130_FD_PR__PFET_01V8_HVT:GDS) N(XM5:MSKY130_FD_PR__PFET_01V8_HVT:GM) N(XM5:MSKY130_FD_PR__PFET_01V8_HVT:VDSAT)      I(VDD)            I(VSIG)            V(VI)           V(SUPPLY)    
0        0.00000000e+00    4.73487033e-01    4.89945203e-14    5.99270775e-12    3.74757552e-02    5.86956928e-01    4.30618166e-15    7.66628725e-13    4.15473676e-02    1.83695863e-12    6.41844917e-01    1.37632035e-07    3.11758597e-05    7.83831880e-01    7.08132548e-01    1.55243370e-07    2.36690231e-05    6.43325773e-01   -7.92284161e-02    6.19815820e-55    0.00000000e+00    1.80000000e+00
1        1.00000000e-01    4.73487033e-01    1.17170782e-12    1.42852249e-10    3.74765479e-02    5.86956928e-01    7.40189922e-14    1.31649997e-11    4.15474733e-02    2.27339291e-12    6.41844917e-01    1.04102552e-07    2.76295276e-05    6.97690697e-01    7.08132548e-01    1.21888263e-07    2.12546485e-05    5.74010560e-01   -7.92189741e-02    0.00000000e+00    1.00000000e-01    1.80000000e+00
2        2.00000000e-01    4.73487033e-01    2.73269473e-11    3.28147074e-09    3.74950125e-02    5.86956928e-01    1.26467806e-12    2.24059486e-10    4.15492788e-02    9.72770653e-12    6.41844917e-01    7.83566150e-08    2.42665388e-05    6.16584039e-01    7.08132548e-01    9.43610941e-08    1.89126380e-05    5.07571134e-01   -7.92105603e-02    4.74808186e-56    2.00000000e-01    1.80000000e+00
3        3.00000000e-01    4.73487033e-01    5.69043682e-10    6.43916929e-08    3.78771236e-02    5.86956928e-01    2.10851708e-11    3.67962476e-09    4.15793334e-02    1.33883646e-10    6.41844917e-01    5.83532995e-08    2.10784472e-05    5.40039924e-01    7.08132548e-01    7.16358492e-08    1.66460262e-05    4.43690696e-01   -7.92031753e-02   -4.12036715e-56    3.00000000e-01    1.80000000e+00
4        4.00000000e-01    4.73487033e-01    7.92125192e-09    8.04741909e-07    4.30322301e-02    5.86956928e-01    3.19858774e-10    5.32699661e-08    4.20321721e-02    2.02060492e-09    6.41844917e-01    4.27242794e-08    1.80590900e-05    4.67639373e-01    7.08132548e-01    5.29277354e-08    1.44532731e-05    3.82014250e-01   -7.91968212e-02   -9.48440914e-56    4.00000000e-01    1.80000000e+00
5        5.00000000e-01    4.73487032e-01    4.88451571e-08    5.08312191e-06    7.10856764e-02    5.86956928e-01    3.58519486e-09    5.69911060e-07    4.69565245e-02    2.44837527e-08    6.41844917e-01    3.05161912e-08    1.52027636e-05    3.99010242e-01    7.08132548e-01    3.76334877e-08    1.23175894e-05    3.22145059e-01   -7.91916593e-02   -1.34134228e-55    5.00000000e-01    1.80000000e+00
6        6.00000000e-01    4.73487030e-01    1.36417151e-07    1.44157083e-05    1.28607203e-01    5.86956928e-01    2.15221206e-08    3.87173250e-06    7.32267600e-02    2.05237425e-07    6.41844917e-01    2.10438358e-08    1.25008285e-05    3.33834519e-01    7.08132548e-01    2.53064026e-08    1.01891182e-05    2.63710144e-01   -7.91882594e-02    2.32027103e-56    6.00000000e-01    1.80000000e+00
7        7.00000000e-01    4.73487029e-01    2.44388568e-07    2.43369040e-05    1.96039189e-01    5.86956926e-01    6.51066224e-08    1.26334234e-05    1.32122839e-01    9.95005834e-07    6.41844917e-01    1.38043678e-08    9.93716030e-06    2.71895011e-01    7.08132548e-01    1.56592994e-08    7.97338936e-06    2.06630395e-01   -7.91873062e-02   -1.15834174e-55    7.00000000e-01    1.80000000e+00
8        8.00000000e-01    4.73487029e-01    3.56723272e-07    3.34934585e-05    2.62918499e-01    5.86956924e-01    1.27064128e-07    2.27533379e-05    2.05897076e-01    2.77199963e-06    6.41844917e-01    8.42635019e-09    7.48790593e-06    2.13225492e-01    7.08132548e-01    8.56309429e-09    5.58810936e-06    1.51826883e-01   -7.91890893e-02    9.40673449e-56    8.00000000e-01    1.80000000e+00
9        9.00000000e-01    4.73487030e-01    4.70433359e-07    4.21375559e-05    3.27650993e-01    5.86956923e-01    1.99333548e-07    3.17134199e-05    2.80460341e-01    5.50467857e-06    6.41844917e-01    4.63412281e-09    5.14620566e-06    1.58483998e-01    7.08132548e-01    3.94176212e-09    3.18410305e-06    1.02357822e-01   -7.91934686e-02   -9.56206158e-56    9.00000000e-01    1.80000000e+00
10       1.00000000e+00    4.73487030e-01    5.85739843e-07    5.02795517e-05    3.90446037e-01    5.86956923e-01    2.80266032e-07    3.97951870e-05    3.52764057e-01    9.08603821e-06    6.41844917e-01    2.20128573e-09    3.00633114e-06    1.09616911e-01    7.08132548e-01    1.48307706e-09    1.31266104e-06    6.35678920e-02   -7.92002070e-02   -1.03336168e-55    1.00000000e+00    1.80000000e+00
11       1.10000000e+00    4.73487031e-01    7.03621382e-07    5.78449375e-05    4.51726279e-01    5.86956924e-01    3.70607667e-07    4.71980015e-05    4.22835483e-01    1.34412221e-05    6.41844917e-01    8.69170944e-10    1.34870372e-06    7.02606828e-02    7.08132548e-01    4.68081842e-10    3.78910143e-07    3.95548826e-02   -7.92090253e-02    5.71097592e-56    1.10000000e+00    1.80000000e+00
12       1.20000000e+00    4.73487032e-01    8.25569692e-07    6.47988908e-05    5.11958022e-01    5.86956925e-01    4.71622467e-07    5.38958485e-05    4.91044180e-01    1.85019002e-05    6.41844917e-01    2.83569222e-10    4.31890155e-07    4.41012469e-02    7.08132548e-01    1.30834771e-10    8.96195444e-08    2.85263351e-02   -7.92196161e-02   -1.13501842e-55    1.20000000e+00    1.80000000e+00
13       1.30000000e+00    4.73487032e-01    9.53654048e-07    7.11584403e-05    5.71636817e-01    5.86956926e-01    5.84795168e-07    5.98331828e-05    5.57727776e-01    2.41947000e-05    6.41844917e-01    7.83757002e-11    1.06233451e-07    3.10065851e-02    7.08132548e-01    3.32781828e-11    2.09240521e-08    2.47234088e-02   -7.92317086e-02   -2.21239079e-57    1.30000000e+00    1.80000000e+00
14       1.40000000e+00    4.73487032e-01    1.09065330e-06    7.69782713e-05    6.31273734e-01    5.86956927e-01    7.11901825e-07    6.49828531e-05    6.23195696e-01    3.04419587e-05    6.41844917e-01    1.86464674e-11    2.37919625e-08    2.62890373e-02    7.08132548e-01    7.84518577e-12    4.89199739e-09    2.36655221e-02   -7.92450974e-02   -1.07045822e-56    1.40000000e+00    1.80000000e+00
15       1.50000000e+00    4.73487033e-01    1.24027815e-06    8.23356029e-05    6.91380460e-01    5.86956927e-01    8.55152111e-07    6.93486441e-05    6.87747024e-01    3.71648825e-05    6.41844917e-01    3.90049980e-12    5.04223312e-09    2.50239503e-02    7.08132548e-01    1.75876804e-12    1.10951347e-09    2.34076811e-02   -7.92596223e-02    1.64451687e-56    1.50000000e+00    1.80000000e+00
16       1.60000000e+00    4.73487033e-01    1.40754232e-06    8.73183422e-05    7.52458186e-01    5.86956928e-01    1.01737422e-06    7.29575029e-05    7.51673977e-01    4.42862716e-05    6.41844917e-01    7.48971608e-13    9.92586946e-10    2.47474424e-02    7.08132548e-01    3.83401577e-13    2.44248554e-10    2.33491561e-02   -7.92751411e-02    1.11230539e-55    1.60000000e+00    1.80000000e+00
17       1.70000000e+00    4.73487033e-01    1.59937338e-06    9.20164391e-05    8.14991334e-01    5.86956928e-01    1.20226502e-06    7.58519302e-05    8.15259015e-01    5.17324502e-05    6.41844917e-01    1.37417276e-13    1.84964782e-10    2.46935240e-02    7.08132548e-01    8.24059916e-14    5.27908688e-11    2.33363351e-02   -7.92915196e-02    1.17213835e-56    1.70000000e+00    1.80000000e+00
18       1.80000000e+00    4.73487033e-01    1.82562220e-06    9.65156237e-05    8.79445425e-01    5.86956928e-01    1.41474408e-06    7.80837583e-05    8.78770828e-01    5.94345040e-05    6.41844917e-01    2.46808575e-14    3.34731699e-11    2.46835751e-02    7.08132548e-01    1.75917930e-14    1.13013138e-11    2.33335738e-02   -7.93086376e-02   -2.60741859e-56    1.80000000e+00    1.80000000e+00
End of Xyce(TM) Simulation
