Index       V(VI)       N(XM1:MSKY130_FD_PR__NFET_01V8_LVT:VTH) N(XM1:MSKY130_FD_PR__NFET_01V8_LVT:GDS) N(XM1:MSKY130_FD_PR__NFET_01V8_LVT:GM) N(XM1:MSKY130_FD_PR__NFET_01V8_LVT:VDSAT) N(XM2:MSKY130_FD_PR__NFET_01V8:VTH) N(XM2:MSKY130_FD_PR__NFET_01V8:GDS) N(XM2:MSKY130_FD_PR__NFET_01V8:GM) N(XM2:MSKY130_FD_PR__NFET_01V8:VDSAT) ID(XM2:MSKY130_FD_PR__NFET_01V8) N(XM4:MSKY130_FD_PR__PFET_01V8:VTH) N(XM4:MSKY130_FD_PR__PFET_01V8:GDS) N(XM4:MSKY130_FD_PR__PFET_01V8:GM) N(XM4:MSKY130_FD_PR__PFET_01V8:VDSAT) N(XM5:MSKY130_FD_PR__PFET_01V8_HVT:VTH) N(XM5:MSKY130_FD_PR__PFET_01V8_HVT:GDS) N(XM5:MSKY130_FD_PR__PFET_01V8_HVT:GM) N(XM5:MSKY130_FD_PR__PFET_01V8_HVT:VDSAT)      I(VDD)            I(VSIG)            V(VI)           V(SUPPLY)    
0        0.00000000e+00    4.96274886e-01    9.45367343e-13    1.12957317e-10    3.95673779e-02    6.03882319e-01    5.92431989e-14    1.18376163e-11    4.00240207e-02    2.24261000e-12    6.72164704e-01    7.93339307e-06    6.13707953e-04    8.36148377e-01    7.43257495e-01    7.25471804e-06    5.87800028e-04    7.37858614e-01   -8.03831025e-02    2.40839407e-55    0.00000000e+00    1.80000000e+00
1        1.00000000e-01    4.96274886e-01    1.87292005e-11    2.23315682e-09    3.95680166e-02    6.03882319e-01    9.15130948e-13    1.82732052e-10    4.00240965e-02    8.49284318e-12    6.72164704e-01    5.99473713e-06    5.42955268e-04    7.37953532e-01    7.43257495e-01    5.40077817e-06    5.00238216e-04    6.33930699e-01   -8.01704425e-02   -1.12245253e-55    1.00000000e-01    1.80000000e+00
2        2.00000000e-01    4.96274886e-01    3.64889038e-10    4.30699656e-08    3.95804533e-02    6.03882319e-01    1.40761428e-11    2.80299195e-09    4.00252619e-02    1.04609971e-10    6.72164704e-01    4.50482995e-06    4.75916603e-04    6.46689867e-01    7.43257495e-01    3.99538251e-06    4.23111445e-04    5.40959280e-01   -7.99821438e-02   -2.68220875e-56    2.00000000e-01    1.80000000e+00
3        3.00000000e-01    4.96274886e-01    6.62198373e-09    7.51854439e-07    3.98051768e-02    6.03882319e-01    2.12976489e-10    4.19753806e-08    4.00428749e-02    1.55781598e-09    6.72164704e-01    3.34411033e-06    4.12369470e-04    5.61558545e-01    7.43257495e-01    2.91328630e-06    3.54664590e-04    4.57196105e-01   -7.98176403e-02   -1.54202197e-56    3.00000000e-01    1.80000000e+00
4        4.00000000e-01    4.96274885e-01    9.27223727e-08    9.70016899e-06    4.28814631e-02    6.03882319e-01    3.02970878e-09    5.78267759e-07    4.02922087e-02    2.22395579e-08    6.72164704e-01    2.43425205e-06    3.52144052e-04    4.81870388e-01    7.43257494e-01    2.07405978e-06    2.93492879e-04    3.81198456e-01   -7.96763955e-02    4.06505853e-56    4.00000000e-01    1.80000000e+00
5        5.00000000e-01    4.96274875e-01    6.89298340e-07    7.35637666e-05    6.36030875e-02    6.03882318e-01    3.51432568e-08    6.44385889e-06    4.31183913e-02    2.71046904e-07    6.72164703e-01    1.72164042e-06    2.95089814e-04    4.07027354e-01    7.43257494e-01    1.42365671e-06    2.38349090e-04    3.11754433e-01   -7.95600872e-02    1.01757822e-56    5.00000000e-01    1.80000000e+00
6        6.00000000e-01    4.96274849e-01    2.31413940e-06    2.58068730e-04    1.16029820e-01    6.03882310e-01    2.50647748e-07    5.15206912e-05    6.13194737e-02    2.51685891e-06    6.72164703e-01    1.16827923e-06    2.40986377e-04    3.36524581e-01    7.43257494e-01    9.24844618e-07    1.87873048e-04    2.47875274e-01   -7.94785909e-02    7.17554743e-57    6.00000000e-01    1.80000000e+00
7        7.00000000e-01    4.96274826e-01    4.58540767e-06    4.71808561e-04    1.81641508e-01    6.03882278e-01    9.22577115e-07    2.11286705e-04    1.11092250e-01    1.46565069e-05    6.72164703e-01    7.46671870e-07    1.89418486e-04    2.70010905e-01    7.43257494e-01    5.52319265e-07    1.40377543e-04    1.88945793e-01   -7.94469030e-02   -7.67076332e-56    7.00000000e-01    1.80000000e+00
8        8.00000000e-01    4.96274819e-01    7.05173307e-06    6.52507539e-04    2.44905393e-01    6.03882235e-01    2.05161828e-06    4.21333235e-04    1.78313142e-01    4.64351590e-05    6.72164703e-01    4.36895351e-07    1.39797132e-04    2.07502659e-01    7.43257495e-01    2.89886320e-07    9.44369941e-05    1.35219228e-01   -7.94721505e-02    1.62811922e-56    8.00000000e-01    1.80000000e+00
9        9.00000000e-01    4.96274825e-01    9.59925678e-06    8.07562854e-04    3.03287494e-01    6.03882210e-01    3.47764634e-06    5.97544948e-04    2.44973642e-01    9.76898116e-05    6.72164703e-01    2.24336420e-07    9.21752798e-05    1.49915775e-01    7.43257495e-01    1.25925241e-07    5.17869465e-05    8.87381432e-02   -7.95497287e-02   -9.57586895e-57    9.00000000e-01    1.80000000e+00
10       1.00000000e+00    4.96274836e-01    1.22224378e-05    9.41554485e-04    3.57471323e-01    6.03882205e-01    5.13773387e-06    7.45067417e-04    3.06931204e-01    1.65003508e-04    6.72164704e-01    9.57828355e-08    4.96562414e-05    9.99192450e-02    7.43257495e-01    4.32167269e-08    2.02054368e-05    5.36303539e-02   -7.96719637e-02   -3.27974200e-56    1.00000000e+00    1.80000000e+00
11       1.10000000e+00    4.96274848e-01    1.49322778e-05    1.05488714e-03    4.08396614e-01    6.03882214e-01    7.02972765e-06    8.73231140e-04    3.64665126e-01    2.46066090e-04    6.72164704e-01    3.27013533e-08    1.94850656e-05    6.20091493e-02    7.43257496e-01    1.19787643e-08    5.33328034e-06    3.30395413e-02   -7.98312370e-02    1.81337912e-56    1.10000000e+00    1.80000000e+00
12       1.20000000e+00    4.96274859e-01    1.77440170e-05    1.14841852e-03    4.56930886e-01    6.03882231e-01    9.16258404e-06    9.83609887e-04    4.19077262e-01    3.39053594e-04    6.72164704e-01    9.11796177e-09    5.35763011e-06    3.94128111e-02    7.43257496e-01    2.86493410e-09    1.13883347e-06    2.44764240e-02   -8.00199951e-02   -4.05203983e-56    1.20000000e+00    1.80000000e+00
13       1.30000000e+00    4.96274868e-01    2.06779406e-05    1.22406610e-03    5.03865048e-01    6.03882250e-01    1.15452310e-05    1.07636584e-03    4.70931027e-01    4.42194064e-04    6.72164704e-01    2.19639457e-09    1.19853194e-06    2.97225266e-02    7.43257496e-01    6.10362756e-10    2.35044578e-07    2.19411471e-02   -8.02319850e-02    8.27005868e-57    1.30000000e+00    1.80000000e+00
14       1.40000000e+00    4.96274875e-01    2.37609903e-05    1.28432191e-03    5.49913369e-01    6.03882267e-01    1.41876008e-05    1.15232844e-03    5.20882500e-01    5.53760381e-04    6.72164704e-01    4.67461420e-10    2.52744525e-07    2.67703119e-02    7.43257496e-01    1.18940015e-10    4.65312243e-08    2.13559715e-02   -8.04625815e-02    3.32934034e-56    1.40000000e+00    1.80000000e+00
15       1.50000000e+00    4.96274879e-01    2.70283667e-05    1.33179801e-03    5.95710160e-01    6.03882283e-01    1.71034426e-05    1.21299846e-03    5.69518748e-01    6.72144348e-04    6.72164704e-01    8.99134664e-11    4.98990555e-08    2.60821574e-02    7.43257496e-01    2.19750950e-11    8.73970839e-09    2.12389534e-02   -8.07080838e-02   -3.50411871e-56    1.50000000e+00    1.80000000e+00
16       1.60000000e+00    4.96274882e-01    3.05255407e-05    1.36895882e-03    6.41810638e-01    6.03882295e-01    2.03129870e-05    1.26020689e-03    6.17369142e-01    7.95906895e-04    6.72164704e-01    1.62517408e-11    9.20917801e-09    2.59458127e-02    7.43257496e-01    3.95426470e-12    1.58701280e-09    2.12171477e-02   -8.09651422e-02   -9.46591891e-56    1.60000000e+00    1.80000000e+00
17       1.70000000e+00    4.96274884e-01    3.43110708e-05    1.39799346e-03    6.88696575e-01    6.03882304e-01    2.38454826e-05    1.29585043e-03    6.64907265e-01    9.23796943e-04    6.72164704e-01    2.84783679e-12    1.63131910e-09    2.59209272e-02    7.43257496e-01    7.03109594e-13    2.83385203e-10    2.12132118e-02   -8.12307306e-02   -4.74344624e-56    1.70000000e+00    1.80000000e+00
18       1.80000000e+00    4.96274885e-01    3.84606712e-05    1.42077098e-03    7.36784886e-01    6.03882310e-01    2.77419359e-05    1.32173540e-03    7.12552278e-01    1.05474944e-03    6.72164704e-01    4.92143282e-13    2.83296239e-10    2.59165513e-02    7.43257496e-01    1.24376435e-13    5.02224162e-11    2.12125111e-02   -8.15024290e-02   -5.11648373e-56    1.80000000e+00    1.80000000e+00
End of Xyce(TM) Simulation
