Index       V(VI)       N(XM1:MSKY130_FD_PR__NFET_01V8_LVT:VTH) N(XM1:MSKY130_FD_PR__NFET_01V8_LVT:GDS) N(XM1:MSKY130_FD_PR__NFET_01V8_LVT:GM) N(XM1:MSKY130_FD_PR__NFET_01V8_LVT:VDSAT) N(XM2:MSKY130_FD_PR__NFET_01V8:VTH) N(XM2:MSKY130_FD_PR__NFET_01V8:GDS) N(XM2:MSKY130_FD_PR__NFET_01V8:GM) N(XM2:MSKY130_FD_PR__NFET_01V8:VDSAT) ID(XM2:MSKY130_FD_PR__NFET_01V8) N(XM4:MSKY130_FD_PR__PFET_01V8:VTH) N(XM4:MSKY130_FD_PR__PFET_01V8:GDS) N(XM4:MSKY130_FD_PR__PFET_01V8:GM) N(XM4:MSKY130_FD_PR__PFET_01V8:VDSAT) N(XM5:MSKY130_FD_PR__PFET_01V8_HVT:VTH) N(XM5:MSKY130_FD_PR__PFET_01V8_HVT:GDS) N(XM5:MSKY130_FD_PR__PFET_01V8_HVT:GM) N(XM5:MSKY130_FD_PR__PFET_01V8_HVT:VDSAT)      I(VDD)            I(VSIG)            V(VI)           V(SUPPLY)    
0        0.00000000e+00    5.26570652e-01    9.43807674e-13    1.00800319e-10    4.12831419e-02    6.31492180e-01    6.94322943e-14    9.07376016e-12    4.01202398e-02    2.14648499e-12    6.18179601e-01    2.19427351e-05    7.37884881e-04    9.15528728e-01    6.71956348e-01    1.97797604e-05    9.33821108e-04    9.76600927e-01   -8.05259199e-02    4.32787099e-55    0.00000000e+00    1.80000000e+00
1        1.00000000e-01    5.26570652e-01    1.59313114e-11    1.70101849e-09    4.12835551e-02    6.31492180e-01    1.02450607e-12    1.34747096e-10    4.01202899e-02    6.80989064e-12    6.18179601e-01    1.71477712e-05    6.56269894e-04    8.08845766e-01    6.71956348e-01    1.40701123e-05    7.72690389e-04    8.24396994e-01   -8.03004474e-02   -3.43276906e-56    1.00000000e-01    1.80000000e+00
2        2.00000000e-01    5.26570652e-01    2.66086341e-10    2.82583253e-08    4.12904613e-02    6.31492180e-01    1.50512812e-11    1.99074449e-09    4.01210328e-02    7.58491720e-11    6.18179601e-01    1.33855285e-05    5.78193480e-04    7.10360109e-01    6.71956348e-01    1.01613540e-05    6.37224832e-04    6.94283889e-01   -8.01001984e-02    2.23704198e-56    2.00000000e-01    1.80000000e+00
3        3.00000000e-01    5.26570652e-01    4.26065024e-09    4.41961514e-07    4.14008502e-02    6.31492180e-01    2.17549455e-10    2.88490583e-08    4.01318788e-02    1.08408100e-09    6.18179601e-01    1.03821718e-05    5.03640073e-04    6.19046554e-01    6.71956348e-01    7.34906647e-06    5.22397460e-04    5.81632529e-01   -7.99238018e-02    6.28125376e-57    3.00000000e-01    1.80000000e+00
4        4.00000000e-01    5.26570651e-01    5.84668108e-08    5.69883175e-06    4.28953414e-02    6.31492180e-01    2.96823525e-09    3.90937731e-07    4.02822322e-02    1.51114859e-08    6.18179601e-01    7.96037935e-06    4.32594073e-04    5.34046713e-01    6.71956348e-01    5.26439653e-06    4.24217163e-04    4.82991048e-01   -7.97702715e-02    3.77786889e-56    4.00000000e-01    1.80000000e+00
5        5.00000000e-01    5.26570640e-01    5.19092141e-07    4.96041726e-05    5.53141868e-02    6.31492179e-01    3.42345868e-08    4.42990030e-06    4.20272463e-02    1.84850636e-07    6.18179601e-01    5.99929354e-06    3.65066822e-04    4.54640334e-01    6.71956348e-01    3.69410669e-06    3.39596210e-04    3.95718300e-01   -7.96403165e-02    2.87739707e-58    5.00000000e-01    1.80000000e+00
6        6.00000000e-01    5.26570598e-01    2.24135871e-06    2.28230329e-04    9.81867819e-02    6.31492170e-01    2.83301391e-07    3.79734432e-05    5.45791683e-02    1.78872575e-06    6.18179601e-01    4.41263301e-06    3.01055923e-04    3.80232179e-01    6.71956348e-01    2.50561132e-06    2.65997405e-04    3.17763353e-01   -7.95425334e-02    9.50575307e-57    6.00000000e-01    1.80000000e+00
7        7.00000000e-01    5.26570550e-01    5.21806768e-06    4.89506610e-04    1.62109766e-01    6.31492129e-01    1.34166117e-06    1.86808259e-04    9.47875346e-02    1.17655869e-05    6.18179601e-01    3.13610570e-06    2.40458448e-04    3.10373093e-01    6.71956348e-01    1.61253179e-06    2.01058995e-04    2.47592443e-01   -7.94957129e-02   -2.86653427e-56    7.00000000e-01    1.80000000e+00
8        8.00000000e-01    5.26570535e-01    8.71043126e-06    7.00958986e-04    2.25046163e-01    6.31492054e-01    3.35249673e-06    4.25856161e-04    1.54662339e-01    4.23344003e-05    6.18179601e-01    2.12023056e-06    1.83018509e-04    2.44865748e-01    6.71956348e-01    9.58007591e-07    1.42513468e-04    1.84348563e-01   -7.95113417e-02   -1.52413944e-56    8.00000000e-01    1.80000000e+00
9        9.00000000e-01    5.26570545e-01    1.24059610e-05    8.65575310e-04    2.81437849e-01    6.31491989e-01    5.81503380e-06    6.30871452e-04    2.14447745e-01    9.56357788e-05    6.18179601e-01    1.32753619e-06    1.28629188e-04    1.84060900e-01    6.71956348e-01    5.05104476e-07    8.93177984e-05    1.28392027e-01   -7.95849354e-02   -4.19217070e-57    9.00000000e-01    1.80000000e+00
10       1.00000000e+00    5.26570564e-01    1.62589144e-05    1.00019146e-03    3.32140809e-01    6.31491953e-01    8.57625400e-06    7.89398643e-04    2.68054653e-01    1.66967494e-04    6.18179601e-01    7.34730991e-07    7.86876919e-05    1.29455485e-01    6.71956348e-01    2.25535724e-07    4.46751827e-05    8.20740151e-02   -7.97066911e-02    1.10801808e-56    1.00000000e+00    1.80000000e+00
11       1.10000000e+00    5.26570584e-01    2.02682274e-05    1.10917766e-03    3.78510576e-01    6.31491942e-01    1.16331374e-05    9.16148646e-04    3.15896672e-01    2.52476059e-04    6.18179601e-01    3.35026355e-07    3.82011310e-05    8.42834218e-02    6.71956348e-01    8.25401608e-08    1.59128472e-05    4.92441494e-02   -7.98677847e-02    1.04729458e-56    1.10000000e+00    1.80000000e+00
12       1.20000000e+00    5.26570602e-01    2.44326401e-05    1.19428221e-03    4.21631903e-01    6.31491948e-01    1.49726419e-05    1.01731526e-03    3.59260058e-01    3.49347948e-04    6.18179601e-01    1.18138487e-07    1.35006210e-05    5.25452788e-02    6.71956348e-01    2.47799708e-08    4.07047747e-06    3.14043366e-02   -8.00596565e-02    2.26275715e-56    1.20000000e+00    1.80000000e+00
13       1.30000000e+00    5.26570617e-01    2.87507026e-05    1.25780644e-03    4.62372799e-01    6.31491966e-01    1.85727959e-05    1.09586347e-03    3.99273884e-01    4.55181119e-04    6.18179601e-01    3.27609237e-08    3.56694049e-06    3.53152678e-02    6.71956348e-01    6.22268703e-09    9.02697692e-07    2.44771040e-02   -8.02745687e-02    1.31524583e-56    1.30000000e+00    1.80000000e+00
14       1.40000000e+00    5.26570629e-01    3.32244622e-05    1.30256458e-03    5.01447954e-01    6.31491989e-01    2.24135852e-05    1.15463589e-03    4.36866544e-01    5.67854512e-04    6.18179601e-01    7.78492179e-09    8.19602115e-07    2.85546582e-02    6.71956348e-01    1.35266647e-09    1.92680408e-07    2.25103429e-02   -8.05065533e-02   -2.09318047e-56    1.40000000e+00    1.80000000e+00
15       1.50000000e+00    5.26570637e-01    3.78615085e-05    1.33143917e-03    5.39449415e-01    6.31492016e-01    2.64813518e-05    1.19664316e-03    4.72807014e-01    6.85541320e-04    6.18179601e-01    1.64652435e-09    1.74455669e-07    2.66339501e-02    6.71956348e-01    2.67717066e-10    3.88297107e-08    2.20621884e-02   -8.07509163e-02    1.54986204e-56    1.50000000e+00    1.80000000e+00
16       1.60000000e+00    5.26570643e-01    4.26758713e-05    1.34710664e-03    5.76864924e-01    6.31492044e-01    3.07702502e-05    1.22478783e-03    5.07732831e-01    8.06712501e-04    6.18179601e-01    3.14447993e-10    3.38232152e-08    2.62076536e-02    6.71956348e-01    5.04060085e-11    7.42336003e-09    2.19719656e-02   -8.10035221e-02   -3.26326142e-56    1.60000000e+00    1.80000000e+00
17       1.70000000e+00    5.26570647e-01    4.76884697e-05    1.35192423e-03    6.14092905e-01    6.31492071e-01    3.52827094e-05    1.24166551e-03    5.42169821e-01    9.30114872e-04    6.18179601e-01    5.61950324e-11    6.10245118e-09    2.61259771e-02    6.71956348e-01    9.26932241e-12    1.37625303e-09    2.19548691e-02   -8.12608090e-02   -1.95315108e-57    1.70000000e+00    1.80000000e+00
18       1.80000000e+00    5.26570649e-01    5.29275045e-05    1.34790617e-03    6.51456103e-01    6.31492095e-01    4.00295955e-05    1.24949365e-03    5.76549046e-01    1.05473602e-03    6.18179601e-01    9.70925148e-12    1.05920559e-09    2.61114307e-02    6.71956348e-01    1.68675867e-12    2.51386932e-10    2.19517172e-02   -8.15200220e-02    3.22538098e-56    1.80000000e+00    1.80000000e+00
End of Xyce(TM) Simulation
