Index       V(VI)       N(XM1:MSKY130_FD_PR__NFET_01V8_LVT:VTH) N(XM1:MSKY130_FD_PR__NFET_01V8_LVT:GDS) N(XM1:MSKY130_FD_PR__NFET_01V8_LVT:GM) N(XM1:MSKY130_FD_PR__NFET_01V8_LVT:VDSAT) N(XM2:MSKY130_FD_PR__NFET_01V8:VTH) N(XM2:MSKY130_FD_PR__NFET_01V8:GDS) N(XM2:MSKY130_FD_PR__NFET_01V8:GM) N(XM2:MSKY130_FD_PR__NFET_01V8:VDSAT) ID(XM2:MSKY130_FD_PR__NFET_01V8) N(XM4:MSKY130_FD_PR__PFET_01V8:VTH) N(XM4:MSKY130_FD_PR__PFET_01V8:GDS) N(XM4:MSKY130_FD_PR__PFET_01V8:GM) N(XM4:MSKY130_FD_PR__PFET_01V8:VDSAT) N(XM5:MSKY130_FD_PR__PFET_01V8_HVT:VTH) N(XM5:MSKY130_FD_PR__PFET_01V8_HVT:GDS) N(XM5:MSKY130_FD_PR__PFET_01V8_HVT:GM) N(XM5:MSKY130_FD_PR__PFET_01V8_HVT:VDSAT)      I(VDD)            I(VSIG)            V(VI)           V(SUPPLY)    
0        0.00000000e+00    4.64804551e-01    2.80465177e-13    4.05374331e-11    3.67745942e-02    5.58782916e-01    4.02544547e-14    7.33839957e-12    3.88162423e-02    2.08074282e-12    6.98487488e-01    8.69822662e-07    1.49724511e-04    7.15247012e-01    7.39043462e-01    5.71403970e-07    1.46543286e-04    6.37779861e-01   -7.94836548e-02    4.74918249e-55    0.00000000e+00    1.80000000e+00
1        1.00000000e-01    4.64804551e-01    6.47446465e-12    9.32513405e-10    3.67756203e-02    5.58782916e-01    6.05650642e-13    1.10302381e-10    3.88164118e-02    5.88348893e-12    6.98487488e-01    6.65524999e-07    1.32531078e-04    6.32898588e-01    7.39043462e-01    4.23876153e-07    1.24377398e-04    5.51743117e-01   -7.94236226e-02    0.00000000e+00    1.00000000e-01    1.80000000e+00
2        2.00000000e-01    4.64804551e-01    1.45528012e-10    2.06276766e-08    3.67986523e-02    5.58782916e-01    9.06105234e-12    1.64411470e-09    3.88189455e-02    6.27557378e-11    6.98487488e-01    5.04608798e-07    1.16158931e-04    5.55601089e-01    7.39043462e-01    3.12282748e-07    1.04794315e-04    4.73842953e-01   -7.93721132e-02    7.66054260e-56    2.00000000e-01    1.80000000e+00
3        3.00000000e-01    4.64804551e-01    2.90674415e-09    3.88580341e-07    3.72555727e-02    5.58782916e-01    1.32670273e-10    2.37584011e-08    3.88559848e-02    8.94777349e-10    6.98487488e-01    3.77006494e-07    1.00559616e-04    4.82866104e-01    7.39043462e-01    2.26830522e-07    8.73884159e-05    4.02945335e-01   -7.93284864e-02   -8.47373399e-56    3.00000000e-01    1.80000000e+00
4        4.00000000e-01    4.64804550e-01    3.84802462e-08    4.76510603e-06    4.31051155e-02    5.58782916e-01    1.79503069e-09    3.10386966e-07    3.93538728e-02    1.21947548e-08    6.98487488e-01    2.75707442e-07    8.56991904e-05    4.14268090e-01    7.39043462e-01    1.61083869e-07    7.18423003e-05    3.38108291e-01   -7.92922145e-02    4.35949693e-56    4.00000000e-01    1.80000000e+00
5        5.00000000e-01    4.64804546e-01    2.24953005e-07    3.04303528e-05    7.30965551e-02    5.58782916e-01    1.88913703e-08    3.25994111e-06    4.44490509e-02    1.40244596e-07    6.98487488e-01    1.95664521e-07    7.15483795e-05    3.49441577e-01    7.39043462e-01    1.10627427e-07    5.78943282e-05    2.78542139e-01   -7.92638162e-02   -4.44917261e-56    5.00000000e-01    1.80000000e+00
6        6.00000000e-01    4.64804537e-01    6.03585947e-07    8.48777518e-05    1.31658428e-01    5.58782912e-01    1.13922821e-07    2.39324665e-05    7.19610204e-02    1.22570669e-06    6.98487488e-01    1.33147476e-07    5.80652190e-05    2.88097297e-01    7.39043462e-01    7.23336235e-08    4.52993712e-05    2.23600042e-01   -7.92463058e-02   -6.07578214e-56    6.00000000e-01    1.80000000e+00
7        7.00000000e-01    4.64804531e-01    1.05724206e-06    1.41601284e-04    1.98794620e-01    5.58782901e-01    3.47835469e-07    7.98594087e-05    1.34417332e-01    6.21560120e-06    6.98487488e-01    8.53578550e-08    4.51755199e-05    2.30091927e-01    7.39043462e-01    4.39563401e-08    3.37885951e-05    1.72846242e-01   -7.92435303e-02    6.67978314e-56    7.00000000e-01    1.80000000e+00
8        8.00000000e-01    4.64804531e-01    1.52379109e-06    1.93906011e-04    2.65031514e-01    5.58782890e-01    6.71171762e-07    1.37618572e-04    2.10509564e-01    1.72005022e-05    6.98487488e-01    5.01960724e-08    3.27969281e-05    1.75637050e-01    7.39043462e-01    2.39002942e-08    2.31038992e-05    1.26325459e-01   -7.92567057e-02   -6.99788521e-57    8.00000000e-01    1.80000000e+00
9        9.00000000e-01    4.64804534e-01    1.99377172e-06    2.43222057e-04    3.29136398e-01    5.58782885e-01    1.03551114e-06    1.84262311e-04    2.85036093e-01    3.33560439e-05    6.98487488e-01    2.60538364e-08    2.10641537e-05    1.25791439e-01    7.39043462e-01    1.09980938e-08    1.33521642e-05    8.52095916e-02   -7.92841180e-02    8.55748514e-56    9.00000000e-01    1.80000000e+00
10       1.00000000e+00    4.64804538e-01    2.46979381e-06    2.89450898e-04    3.91403792e-01    5.58782885e-01    1.43650450e-06    2.26593258e-04    3.56399616e-01    5.39177962e-05    6.98487488e-01    1.14004557e-08    1.09081256e-05    8.31827902e-02    7.39043462e-01    4.03418456e-09    5.69711029e-06    5.25024672e-02   -7.93241285e-02   -7.42729611e-56    1.00000000e+00    1.80000000e+00
11       1.10000000e+00    4.64804542e-01    2.95758586e-06    3.32112005e-04    4.52293766e-01    5.58782890e-01    1.88288310e-06    2.66947727e-04    4.25632941e-01    7.86104652e-05    6.98487488e-01    4.07857863e-09    4.09003743e-06    5.17715249e-02    7.39043462e-01    1.15699822e-09    1.60670815e-06    3.17187306e-02   -7.93753123e-02    6.93085920e-56    1.10000000e+00    1.80000000e+00
12       1.20000000e+00    4.64804545e-01    3.46538745e-06    3.71037597e-04    5.12311739e-01    5.58782896e-01    2.38473530e-06    3.05043520e-04    4.93484529e-01    1.07230497e-04    6.98487488e-01    1.19494227e-09    1.09588869e-06    3.37358940e-02    7.39043462e-01    2.67414092e-10    3.32468714e-07    2.24561751e-02   -7.94361574e-02    5.60338892e-56    1.20000000e+00    1.80000000e+00
13       1.30000000e+00    4.64804548e-01    4.00444483e-06    4.06409476e-04    5.72000632e-01    5.58782902e-01    2.95278305e-06    3.40325207e-04    5.60376331e-01    1.39523192e-04    6.98487488e-01    2.86981503e-10    2.42551669e-07    2.63224235e-02    7.39043462e-01    5.11204292e-11    6.18908587e-08    1.97179035e-02   -7.95053845e-02    1.02140995e-55    1.30000000e+00    1.80000000e+00
14       1.40000000e+00    4.64804549e-01    4.58986560e-06    4.38651685e-04    6.31925342e-01    5.58782908e-01    3.59952362e-06    3.72467818e-04    6.26594773e-01    1.75188946e-04    6.98487488e-01    5.66901509e-11    4.85752437e-08    2.42000663e-02    7.39043462e-01    8.45279593e-12    1.05295300e-08    1.91434048e-02   -7.95820549e-02    2.09903089e-56    1.40000000e+00    1.80000000e+00
15       1.50000000e+00    4.64804550e-01    5.24205734e-06    4.68325441e-04    6.92655349e-01    5.58782911e-01    4.34051341e-06    4.01360605e-04    6.92384707e-01    2.13906920e-04    6.98487488e-01    9.68613546e-12    8.63190462e-09    2.37513258e-02    7.39043462e-01    1.28822192e-12    1.64214134e-09    1.90456762e-02   -7.96654057e-02    8.79076672e-56    1.50000000e+00    1.80000000e+00
16       1.60000000e+00    4.64804550e-01    5.98914544e-06    4.96049713e-04    7.54752030e-01    5.58782914e-01    5.19584379e-06    4.27031146e-04    7.57981230e-01    2.55352618e-04    6.98487488e-01    1.52895298e-12    1.39637485e-09    2.36728730e-02    7.39043462e-01    1.89220801e-13    2.43885309e-10    1.90306523e-02   -7.97547355e-02    4.58074167e-56    1.60000000e+00    1.80000000e+00
17       1.70000000e+00    4.64804551e-01    6.87101557e-06    5.22445454e-04    8.18761879e-01    5.58782915e-01    6.19211751e-06    4.49590381e-04    8.23617212e-01    2.99208796e-04    6.98487488e-01    2.32877380e-13    2.15085651e-10    2.36603919e-02    7.39043462e-01    2.73799315e-14    3.54506704e-11    1.90284391e-02   -7.98493960e-02    2.32025927e-56    1.70000000e+00    1.80000000e+00
18       1.80000000e+00    4.64804551e-01    7.94616415e-06    5.48096718e-04    8.85214671e-01    5.58782916e-01    7.36532816e-06    4.69196768e-04    8.89523128e-01    3.45171917e-04    6.98487488e-01    3.49527352e-14    3.24317723e-11    2.36584855e-02    7.39043462e-01    3.93875822e-15    5.10884753e-12    1.90281185e-02   -7.99488515e-02    4.15025797e-56    1.80000000e+00    1.80000000e+00
End of Xyce(TM) Simulation
