Index       V(VI)       N(XM1:MSKY130_FD_PR__NFET_01V8_LVT:VTH) N(XM1:MSKY130_FD_PR__NFET_01V8_LVT:GDS) N(XM1:MSKY130_FD_PR__NFET_01V8_LVT:GM) N(XM1:MSKY130_FD_PR__NFET_01V8_LVT:VDSAT) N(XM2:MSKY130_FD_PR__NFET_01V8:VTH) N(XM2:MSKY130_FD_PR__NFET_01V8:GDS) N(XM2:MSKY130_FD_PR__NFET_01V8:GM) N(XM2:MSKY130_FD_PR__NFET_01V8:VDSAT) ID(XM2:MSKY130_FD_PR__NFET_01V8) N(XM4:MSKY130_FD_PR__PFET_01V8:VTH) N(XM4:MSKY130_FD_PR__PFET_01V8:GDS) N(XM4:MSKY130_FD_PR__PFET_01V8:GM) N(XM4:MSKY130_FD_PR__PFET_01V8:VDSAT) N(XM5:MSKY130_FD_PR__PFET_01V8_HVT:VTH) N(XM5:MSKY130_FD_PR__PFET_01V8_HVT:GDS) N(XM5:MSKY130_FD_PR__PFET_01V8_HVT:GM) N(XM5:MSKY130_FD_PR__PFET_01V8_HVT:VDSAT)      I(VDD)            I(VSIG)            V(VI)           V(SUPPLY)    
0        0.00000000e+00    4.39175170e-01    9.95959423e-15    1.40553674e-12    3.66644404e-02    5.18784895e-01    7.32948976e-16    4.28422170e-13    3.74640477e-02    1.82663241e-12    6.00637346e-01    2.12675165e-09    1.87763772e-06    6.21456244e-01    7.06435977e-01    1.76021184e-09    1.54644647e-06    5.32645939e-01   -7.91775768e-02    5.22083059e-54    0.00000000e+00    1.80000000e+00
1        1.00000000e-01    4.39175170e-01    2.21527585e-13    3.10776871e-11    3.66673136e-02    5.18784895e-01    9.62429359e-15    5.61293071e-12    3.74650094e-02    2.02840390e-12    6.00637346e-01    1.86042873e-09    1.68985460e-06    5.63456002e-01    7.06435977e-01    1.56296374e-09    1.40348430e-06    4.82432009e-01   -7.91769920e-02    0.00000000e+00    1.00000000e-01    1.80000000e+00
2        2.00000000e-01    4.39175170e-01    4.71628916e-12    6.44905593e-10    3.67283437e-02    5.18784895e-01    1.24871146e-13    7.22699575e-11    3.74774740e-02    4.64456202e-12    6.00637346e-01    1.61885862e-09    1.50592229e-06    5.07119888e-01    7.06435977e-01    1.37509669e-09    1.25947671e-06    4.32928347e-01   -7.91764650e-02    5.01143383e-52    2.00000000e-01    1.80000000e+00
3        3.00000000e-01    4.39175170e-01    8.37943999e-11    1.05930599e-08    3.78003129e-02    5.18784895e-01    1.55326763e-12    8.79734609e-10    3.76319594e-02    3.72021474e-11    6.00637346e-01    1.39769226e-09    1.32661809e-06    4.52375455e-01    7.06435977e-01    1.19520948e-09    1.11536654e-06    3.84083644e-01   -7.91759984e-02    6.34781619e-51    3.00000000e-01    1.80000000e+00
4        4.00000000e-01    4.39175170e-01    8.72912333e-10    1.05780168e-07    4.84071052e-02    5.18784895e-01    1.68339896e-11    9.35728763e-09    3.92841490e-02    4.00810085e-10    6.00637346e-01    1.19379991e-09    1.15267241e-06    3.99155258e-01    7.06435977e-01    1.02220555e-09    9.71988935e-07    3.35824566e-01   -7.91755962e-02   -3.32816290e-55    4.00000000e-01    1.80000000e+00
5        5.00000000e-01    4.39175170e-01    3.95979039e-09    5.33390180e-07    8.90253911e-02    5.18784895e-01    1.26829151e-10    8.33250723e-08    5.11521265e-02    3.84124235e-09    6.00637346e-01    1.00490354e-09    9.84713156e-07    3.47399091e-01    7.06435977e-01    8.55193480e-10    8.29739530e-07    2.88052135e-01   -7.91752796e-02   -1.48443460e-55    5.00000000e-01    1.80000000e+00
6        6.00000000e-01    4.39175170e-01    9.34710425e-09    1.27409301e-06    1.58053674e-01    5.18784895e-01    5.16884628e-10    4.65111191e-07    9.28965220e-02    2.74997132e-08    6.00637346e-01    8.29351947e-10    8.23169256e-07    2.97062340e-01    7.06435977e-01    6.93504309e-10    6.87957005e-07    2.40664659e-01   -7.91751000e-02   -2.33066398e-55    6.00000000e-01    1.80000000e+00
7        7.00000000e-01    4.39175170e-01    1.57649303e-08    2.05945339e-06    2.38736794e-01    5.18784895e-01    1.18685382e-09    1.16671170e-06    1.63433576e-01    1.08252423e-07    6.00637346e-01    6.66027651e-10    6.68126700e-07    2.48142375e-01    7.06435977e-01    5.37023591e-10    5.44258473e-07    1.93673776e-01   -7.91751076e-02   -2.43467142e-55    7.00000000e-01    1.80000000e+00
8        8.00000000e-01    4.39175170e-01    2.26776778e-08    2.86450172e-06    3.24948913e-01    5.18784895e-01    1.95446536e-09    1.82988942e-06    2.42521347e-01    2.58977722e-07    6.00637346e-01    5.14440499e-10    5.19244060e-07    2.00754551e-01    7.06435977e-01    3.87270955e-10    3.95535498e-07    1.47566983e-01   -7.91753138e-02   -3.64019616e-55    8.00000000e-01    1.80000000e+00
9        9.00000000e-01    4.39175170e-01    2.99912114e-08    3.70938589e-06    4.16229690e-01    5.18784895e-01    2.74200212e-09    2.42075565e-06    3.21661855e-01    4.71814992e-07    6.00637346e-01    3.75163716e-10    3.76289691e-07    1.55329816e-01    7.06435977e-01    2.49664689e-10    2.45108639e-07    1.04105847e-01   -7.91757111e-02    1.30004228e-55    9.00000000e-01    1.80000000e+00
10       1.00000000e+00    4.39175170e-01    3.77024760e-08    4.59517980e-06    5.13122124e-01    5.18784895e-01    3.54971645e-09    2.99520520e-06    4.00406498e-01    7.42639705e-07    6.00637346e-01    2.50810341e-10    2.41861437e-07    1.13040728e-01    7.06435977e-01    1.35600718e-10    1.15479327e-07    6.71844270e-02   -7.91762951e-02    2.68046677e-55    1.00000000e+00    1.80000000e+00
11       1.10000000e+00    4.39175170e-01    4.58347644e-08    5.51719684e-06    6.16273106e-01    5.18784895e-01    4.39393370e-09    3.56584921e-06    4.79502703e-01    1.07073037e-06    6.00637346e-01    1.47148802e-10    1.27033031e-07    7.63637012e-02    7.06435977e-01    5.82063085e-11    3.77517903e-08    4.16154041e-02   -7.91770617e-02    2.44881186e-55    1.10000000e+00    1.80000000e+00
12       1.20000000e+00    4.39175170e-01    5.44490211e-08    6.47171174e-06    7.26375868e-01    5.18784895e-01    5.29479011e-09    4.12609163e-06    5.59434074e-01    1.45544110e-06    6.00637346e-01    7.17746485e-11    4.99836247e-08    4.87740231e-02    7.06435977e-01    1.91699865e-11    9.24445054e-09    2.85460994e-02   -7.91780033e-02   -7.04448717e-56    1.20000000e+00    1.80000000e+00
13       1.30000000e+00    4.39175170e-01    6.36830032e-08    7.45739072e-06    8.44203799e-01    5.18784895e-01    6.27926497e-09    4.66702426e-06    6.40437145e-01    1.89528124e-06    6.00637346e-01    2.76438160e-11    1.46908124e-08    3.22221942e-02    7.06435977e-01    5.01619639e-12    2.07745151e-09    2.37773193e-02   -7.91791123e-02    9.38404928e-55    1.30000000e+00    1.80000000e+00
14       1.40000000e+00    4.39175170e-01    7.38440544e-08    8.47542843e-06    9.70640414e-01    5.18784895e-01    7.38745410e-09    5.18142644e-06    7.22634941e-01    2.38794307e-06    6.00637346e-01    8.13040544e-12    3.62718295e-09    2.48030700e-02    7.06435977e-01    1.12456114e-12    4.55126223e-10    2.24632521e-02   -7.91803840e-02   -1.66398202e-55    1.40000000e+00    1.80000000e+00
15       1.50000000e+00    4.39175170e-01    8.56681672e-08    9.52922631e-06    1.10670573e+00    5.18784895e-01    8.68182608e-09    5.66394626e-06    8.06109075e-01    2.93049180e-06    6.00637346e-01    1.84824275e-12    8.08954014e-10    2.24009796e-02    7.06435977e-01    2.31449995e-13    9.48919928e-11    2.21615039e-02   -7.91818161e-02    9.66296329e-55    1.50000000e+00    1.80000000e+00
16       1.60000000e+00    4.39175170e-01    1.01196318e-07    1.06228275e-05    1.25358486e+00    5.18784895e-01    1.02626383e-08    6.11070858e-06    8.90929150e-01    3.51953373e-06    6.00637346e-01    3.48196292e-13    1.58540362e-10    2.18264200e-02    7.06435977e-01    4.56779421e-14    1.89541355e-11    2.20987303e-02   -7.91834071e-02   -8.27304774e-55    1.60000000e+00    1.80000000e+00
17       1.70000000e+00    4.39175170e-01    1.27534677e-07    1.17534154e-05    1.41266246e+00    5.18784895e-01    1.22959522e-08    6.51900213e-06    9.77163285e-01    4.15134791e-06    6.00637346e-01    5.90601161e-14    2.77395700e-11    2.17156287e-02    7.06435977e-01    8.84208593e-15    3.69354859e-12    2.20862829e-02   -7.91851555e-02    5.74385379e-55    1.70000000e+00    1.80000000e+00
18       1.80000000e+00    4.39175170e-01    1.97964644e-07    1.28677456e-05    1.58556604e+00    5.18784895e-01    1.50677592e-08    6.88704906e-06    1.06488147e+00    4.82199107e-06    6.00637346e-01    9.53868937e-15    4.55042611e-12    2.16966516e-02    7.06435977e-01    1.69685373e-15    7.11081490e-13    2.20838684e-02   -7.91870573e-02   -7.53083054e-55    1.80000000e+00    1.80000000e+00
End of Xyce(TM) Simulation
