Index       V(VI)       N(XM1:MSKY130_FD_PR__NFET_01V8_LVT:VTH) N(XM1:MSKY130_FD_PR__NFET_01V8_LVT:GDS) N(XM1:MSKY130_FD_PR__NFET_01V8_LVT:GM) N(XM1:MSKY130_FD_PR__NFET_01V8_LVT:VDSAT) N(XM2:MSKY130_FD_PR__NFET_01V8:VTH) N(XM2:MSKY130_FD_PR__NFET_01V8:GDS) N(XM2:MSKY130_FD_PR__NFET_01V8:GM) N(XM2:MSKY130_FD_PR__NFET_01V8:VDSAT) ID(XM2:MSKY130_FD_PR__NFET_01V8) N(XM4:MSKY130_FD_PR__PFET_01V8:VTH) N(XM4:MSKY130_FD_PR__PFET_01V8:GDS) N(XM4:MSKY130_FD_PR__PFET_01V8:GM) N(XM4:MSKY130_FD_PR__PFET_01V8:VDSAT) N(XM5:MSKY130_FD_PR__PFET_01V8_HVT:VTH) N(XM5:MSKY130_FD_PR__PFET_01V8_HVT:GDS) N(XM5:MSKY130_FD_PR__PFET_01V8_HVT:GM) N(XM5:MSKY130_FD_PR__PFET_01V8_HVT:VDSAT)      I(VDD)            I(VSIG)            V(VI)           V(SUPPLY)    
0        0.00000000e+00    4.33527735e-01    1.03190842e-12    2.23923859e-10    3.62011838e-02    5.28646293e-01    1.99823592e-13    5.55504510e-11    3.80067358e-02    3.83218026e-12    7.46183501e-01    1.02945658e-06    4.29273766e-04    5.63723705e-01    7.92904596e-01    1.45564371e-06    4.23560027e-04    5.21244908e-01   -8.01305426e-02    2.15548655e-54    0.00000000e+00    1.80000000e+00
1        1.00000000e-01    4.33527735e-01    2.83184616e-11    6.10957808e-09    3.62031998e-02    5.28646293e-01    3.11646032e-12    8.65064344e-10    3.80071090e-02    3.33482946e-11    7.46183501e-01    9.00882489e-07    3.88877759e-04    5.04941054e-01    7.92904596e-01    1.27211810e-06    3.75790097e-04    4.57154715e-01   -7.99549035e-02    4.19938892e-55    1.00000000e-01    1.80000000e+00
2        2.00000000e-01    4.33527735e-01    7.40334934e-10    1.55368564e-07    3.62557957e-02    5.28646293e-01    4.81721110e-11    1.32951793e-08    3.80128749e-02    4.89368048e-10    7.46183501e-01    7.81161870e-07    3.48181603e-04    4.47918801e-01    7.92904596e-01    1.09795237e-06    3.30875377e-04    3.96191908e-01   -7.97997766e-02   -1.94935131e-56    2.00000000e-01    1.80000000e+00
3        3.00000000e-01    4.33527735e-01    1.55753048e-08    2.99332440e-06    3.73497486e-02    5.28646293e-01    7.19359291e-10    1.94721817e-07    3.80987684e-02    7.29606340e-09    7.46183501e-01    6.69001182e-07    3.07297535e-04    3.92577276e-01    7.92904596e-01    9.30812049e-07    2.88286631e-04    3.37797182e-01   -7.96649708e-02   -3.37497008e-55    3.00000000e-01    1.80000000e+00
4        4.00000000e-01    4.33527729e-01    1.72172678e-07    3.25956304e-05    4.87883678e-02    5.28646293e-01    9.47977993e-09    2.47291250e-06    3.92198144e-02    9.84473501e-08    7.46183501e-01    5.63449973e-07    2.66334269e-04    3.38845775e-01    7.92904596e-01    7.68666407e-07    2.46858911e-04    2.81412259e-01   -7.95509671e-02    5.07477659e-57    4.00000000e-01    1.80000000e+00
5        5.00000000e-01    4.33527700e-01    7.57009251e-07    1.65659122e-04    9.05003422e-02    5.28646289e-01    8.63562904e-08    2.45579345e-05    4.90538839e-02    1.08216274e-06    7.46183501e-01    4.63831178e-07    2.25360733e-04    2.86674029e-01    7.92904596e-01    6.10141795e-07    2.04350878e-04    2.26641334e-01   -7.94639645e-02    2.29487690e-56    5.00000000e-01    1.80000000e+00
6        6.00000000e-01    4.33527655e-01    1.71538478e-06    3.79624260e-04    1.56814019e-01    5.28646268e-01    3.97099478e-07    1.47399633e-04    8.87449186e-02    8.40508765e-06    7.46183501e-01    3.69743948e-07    1.84344707e-04    2.36070108e-01    7.92904596e-01    4.55760321e-07    1.57745071e-04    1.73689900e-01   -7.94192929e-02    1.56169408e-55    6.00000000e-01    1.80000000e+00
7        7.00000000e-01    4.33527628e-01    2.81083315e-06    5.93623775e-04    2.30844693e-01    5.28646223e-01    9.47466452e-07    3.76230453e-04    1.58851110e-01    3.43682360e-05    7.46183501e-01    2.81209475e-07    1.43119628e-04    1.87213964e-01    7.92904596e-01    3.10316248e-07    1.06251869e-04    1.24159283e-01   -7.94319045e-02   -2.04283700e-55    7.00000000e-01    1.80000000e+00
8        8.00000000e-01    4.33527631e-01    3.95803967e-06    8.01342719e-04    3.07320111e-01    5.28646188e-01    1.56530047e-06    5.84645999e-04    2.37278405e-01    8.27520061e-05    7.46183501e-01    1.99125003e-07    1.01689898e-04    1.40758167e-01    7.92904596e-01    1.84733631e-07    5.68969568e-05    8.16445346e-02   -7.95039838e-02    3.25916423e-55    8.00000000e-01    1.80000000e+00
9        9.00000000e-01    4.33527654e-01    5.14059632e-06    1.00468543e-03    3.85660756e-01    5.28646178e-01    2.18298390e-06    7.66147621e-04    3.15265510e-01    1.50409610e-04    7.46183501e-01    1.26188628e-07    6.17017195e-05    9.84461182e-02    7.92904596e-01    9.23111634e-08    2.24899715e-05    5.04777611e-02   -7.96298640e-02    1.62853315e-55    9.00000000e-01    1.80000000e+00
10       1.00000000e+00    4.33527682e-01    6.35549308e-06    1.20109852e-03    4.65975317e-01    5.28646190e-01    2.80124678e-06    9.39508703e-04    3.92553127e-01    2.35729843e-04    7.46183501e-01    6.76034512e-08    2.88220540e-05    6.36726967e-02    7.92904596e-01    3.79605290e-08    6.77136239e-06    3.21858178e-02   -7.98041793e-02    1.98818648e-55    1.00000000e+00    1.80000000e+00
11       1.10000000e+00    4.33527706e-01    7.60463418e-06    1.38729109e-03    5.48415577e-01    5.28646214e-01    3.43112857e-06    1.10791958e-03    4.69891733e-01    3.38145385e-04    7.46183501e-01    2.87034027e-08    9.64134800e-06    4.01537450e-02    7.92904596e-01    1.30421073e-08    1.81432956e-06    2.38060010e-02   -8.00220621e-02   -4.06126015e-55    1.10000000e+00    1.80000000e+00
12       1.20000000e+00    4.33527722e-01    8.89593163e-06    1.56057447e-03    6.33131411e-01    5.28646240e-01    4.08452499e-06    1.26940185e-03    5.47726323e-01    4.57075039e-04    7.46183501e-01    9.15935275e-09    2.47301572e-06    2.81972585e-02    7.92904596e-01    3.90502008e-09    4.87624303e-07    2.07341068e-02   -8.02790485e-02    3.77896966e-55    1.20000000e+00    1.80000000e+00
13       1.30000000e+00    4.33527731e-01    1.02464053e-05    1.71906670e-03    7.20279394e-01    5.28646262e-01    4.77619836e-06    1.42187279e-03    6.26279079e-01    5.91717308e-04    7.46183501e-01    2.16119523e-09    5.49752890e-07    2.38920814e-02    7.92904596e-01    1.06872935e-09    1.30925189e-07    1.97806226e-02   -8.05713854e-02    3.00133392e-55    1.30000000e+00    1.80000000e+00
14       1.40000000e+00    4.33527734e-01    1.16873815e-05    1.86166146e-03    8.10027385e-01    5.28646277e-01    5.52699265e-06    1.56396668e-03    7.05683347e-01    7.41097410e-04    7.46183501e-01    3.98130264e-10    1.05435258e-07    2.28054354e-02    7.92904596e-01    2.77578749e-10    3.42514311e-08    1.95146655e-02   -8.08958240e-02    4.97316690e-55    1.40000000e+00    1.80000000e+00
15       1.50000000e+00    4.33527735e-01    1.32738950e-05    1.98794302e-03    9.02555514e-01    5.28646287e-01    6.36785446e-06    1.69490331e-03    7.86045119e-01    9.04134602e-04    7.46183501e-01    6.31853216e-11    1.74277409e-08    2.25989026e-02    7.92904596e-01    7.00824887e-11    8.72591747e-09    1.94449130e-02   -8.12491863e-02   -8.16316183e-56    1.50000000e+00    1.80000000e+00
16       1.60000000e+00    4.33527735e-01    1.51030071e-05    2.09806503e-03    9.98056028e-01    5.28646291e-01    7.34598222e-06    1.81430143e-03    8.67464883e-01    1.07969112e-03    7.46183501e-01    9.34378315e-12    2.63157602e-09    2.25657002e-02    7.92904596e-01    1.74363779e-11    2.18396831e-09    1.94272154e-02   -8.16281545e-02   -8.38647474e-56    1.60000000e+00    1.80000000e+00
17       1.70000000e+00    4.33527735e-01    1.73521597e-05    2.19258585e-03    1.09673301e+00    5.28646293e-01    8.53534546e-06    1.92205403e-03    9.50044135e-01    1.26660557e-03    7.46183501e-01    1.34183628e-12    3.81247136e-10    2.25607656e-02    7.92904596e-01    4.30596401e-12    5.41142164e-10    1.94228014e-02   -8.20293792e-02   -4.87382862e-56    1.70000000e+00    1.80000000e+00
18       1.80000000e+00    4.33527735e-01    2.03661192e-05    2.27223250e-03    1.19880228e+00    5.28646293e-01    1.00557847e-05    2.01823829e-03    1.03388674e+00    1.46371586e-03    7.46183501e-01    1.90503732e-13    5.43130535e-11    2.25600556e-02    7.92904596e-01    1.05941199e-12    1.33372674e-10    1.94217100e-02   -8.24497549e-02    1.71390078e-55    1.80000000e+00    1.80000000e+00
End of Xyce(TM) Simulation
