Index       V(VI)       N(XM1:MSKY130_FD_PR__NFET_01V8_LVT:VTH) N(XM1:MSKY130_FD_PR__NFET_01V8_LVT:GDS) N(XM1:MSKY130_FD_PR__NFET_01V8_LVT:GM) N(XM1:MSKY130_FD_PR__NFET_01V8_LVT:VDSAT) N(XM2:MSKY130_FD_PR__NFET_01V8:VTH) N(XM2:MSKY130_FD_PR__NFET_01V8:GDS) N(XM2:MSKY130_FD_PR__NFET_01V8:GM) N(XM2:MSKY130_FD_PR__NFET_01V8:VDSAT) ID(XM2:MSKY130_FD_PR__NFET_01V8) N(XM4:MSKY130_FD_PR__PFET_01V8:VTH) N(XM4:MSKY130_FD_PR__PFET_01V8:GDS) N(XM4:MSKY130_FD_PR__PFET_01V8:GM) N(XM4:MSKY130_FD_PR__PFET_01V8:VDSAT) N(XM5:MSKY130_FD_PR__PFET_01V8_HVT:VTH) N(XM5:MSKY130_FD_PR__PFET_01V8_HVT:GDS) N(XM5:MSKY130_FD_PR__PFET_01V8_HVT:GM) N(XM5:MSKY130_FD_PR__PFET_01V8_HVT:VDSAT)      I(VDD)            I(VSIG)            V(VI)           V(SUPPLY)    
0        0.00000000e+00    4.33087968e-01    7.77010727e-15    1.28852911e-12    3.61433127e-02    5.28424761e-01    7.80490838e-16    2.15247256e-13    3.74590510e-02    1.81790438e-12    7.18203785e-01    4.67432193e-10    1.57372895e-06    5.85182269e-01    7.52549267e-01    4.42551063e-10    1.91751477e-06    5.73538345e-01   -7.91775572e-02    1.65061018e-53    0.00000000e+00    1.80000000e+00
1        1.00000000e-01    4.33087968e-01    1.74948183e-13    2.88534314e-11    3.61460152e-02    5.28424761e-01    1.18842195e-14    3.27241054e-12    3.74594521e-02    1.93035792e-12    7.18203785e-01    3.96326669e-10    1.43610173e-06    5.27829749e-01    7.52549267e-01    3.55141538e-10    1.62391677e-06    4.95306812e-01   -7.91769341e-02    0.00000000e+00    1.00000000e-01    1.80000000e+00
2        2.00000000e-01    4.33087968e-01    3.78125518e-12    6.09048803e-10    3.62043005e-02    5.28424761e-01    1.79326190e-13    4.90925408e-11    3.74655006e-02    3.62637307e-12    7.18203785e-01    3.34831541e-10    1.29649024e-06    4.71678662e-01    7.52549267e-01    2.85940851e-10    1.36463784e-06    4.24516688e-01   -7.91763853e-02    1.33638236e-51    2.00000000e-01    1.80000000e+00
3        3.00000000e-01    4.33087968e-01    6.88008015e-11    1.03294870e-08    3.72535376e-02    5.28424761e-01    2.61413321e-12    7.01909907e-10    3.75534538e-02    2.83390512e-11    7.18203785e-01    2.80835963e-10    1.15521934e-06    4.16681585e-01    7.52549267e-01    2.29405262e-10    1.13422892e-06    3.60153900e-01   -7.91759090e-02    1.90434486e-50    3.00000000e-01    1.80000000e+00
4        4.00000000e-01    4.33087968e-01    7.37841259e-10    1.09521597e-07    4.79682418e-02    5.28424761e-01    3.36775573e-11    8.72446254e-09    3.86755678e-02    3.51930999e-10    7.18203785e-01    2.32787024e-10    1.01255812e-06    3.62790080e-01    7.52549267e-01    1.82151992e-10    9.28439976e-07    3.01382450e-01   -7.91755058e-02    1.91210590e-54    4.00000000e-01    1.80000000e+00
5        5.00000000e-01    4.33087968e-01    3.35013575e-09    5.67973136e-07    8.90903923e-02    5.28424761e-01    3.02184624e-10    8.55680751e-08    4.83752668e-02    3.79001929e-09    7.18203785e-01    1.89533432e-10    8.68538606e-07    3.09963094e-01    7.52549267e-01    1.42006209e-10    7.43826827e-07    2.47514596e-01   -7.91751960e-02   -3.35275489e-54    5.00000000e-01    1.80000000e+00
6        6.00000000e-01    4.33087968e-01    7.71947983e-09    1.31682772e-06    1.56681154e-01    5.28424761e-01    1.38816416e-09    5.15674825e-07    8.76276300e-02    2.93344537e-08    7.18203785e-01    1.50237889e-10    7.22641964e-07    2.58201629e-01    7.52549267e-01    1.07522159e-10    5.77359447e-07    1.98007614e-01   -7.91750323e-02    2.90965045e-54    6.00000000e-01    1.80000000e+00
7        7.00000000e-01    4.33087968e-01    1.26716650e-08    2.05404583e-06    2.32797489e-01    5.28424761e-01    3.33035567e-09    1.33355001e-06    1.58056412e-01    1.20860368e-07    7.18203785e-01    1.14367054e-10    5.73567565e-07    2.07658686e-01    7.52549267e-01    7.77578085e-11    4.26089095e-07    1.52523166e-01   -7.91750654e-02   -3.03507966e-54    7.00000000e-01    1.80000000e+00
8        8.00000000e-01    4.33087968e-01    1.77729229e-08    2.76779296e-06    3.11686386e-01    5.28424761e-01    5.52095608e-09    2.09157186e-06    2.38159108e-01    2.93269590e-07    7.18203785e-01    8.18000595e-11    4.20269545e-07    1.58929208e-01    7.52549267e-01    5.22408944e-11    2.87622848e-07    1.11147211e-01   -7.91753029e-02    1.96673493e-54    8.00000000e-01    1.80000000e+00
9        9.00000000e-01    4.33087968e-01    2.29411975e-08    3.47708865e-06    3.92931263e-01    5.28424761e-01    7.70103552e-09    2.76009420e-06    3.18922048e-01    5.36212106e-07    7.18203785e-01    5.30931242e-11    2.67234116e-07    1.13639684e-01    7.52549267e-01    3.11282960e-11    1.64016828e-07    7.49221344e-02   -7.91757291e-02   -2.92581124e-54    9.00000000e-01    1.80000000e+00
10       1.00000000e+00    4.33087968e-01    2.81464831e-08    4.17728060e-06    4.76805807e-01    5.28424761e-01    9.85467656e-09    3.40831226e-06    4.00000736e-01    8.44682018e-07    7.18203785e-01    2.97152616e-11    1.33849287e-07    7.50738133e-02    7.52549267e-01    1.53402783e-11    6.93860932e-08    4.64123350e-02   -7.91763324e-02    5.23253868e-54    1.00000000e+00    1.80000000e+00
11       1.10000000e+00    4.33087968e-01    3.33632876e-08    4.85845298e-06    5.63546120e-01    5.28424761e-01    1.19992808e-08    4.04919166e-06    4.82174360e-01    1.21762631e-06    7.18203785e-01    1.34850874e-11    4.81663253e-08    4.73750357e-02    7.52549267e-01    5.76197590e-12    1.98411610e-08    2.84145883e-02   -7.91771006e-02   -4.54859809e-54    1.10000000e+00    1.80000000e+00
12       1.20000000e+00    4.33087968e-01    3.85725333e-08    5.51211010e-06    6.53343119e-01    5.28424761e-01    1.41478087e-08    4.67562737e-06    5.65916745e-01    1.65401076e-06    7.18203785e-01    4.72840260e-12    1.27662929e-08    3.21057008e-02    7.52549267e-01    1.54104037e-12    4.24028213e-09    2.02931819e-02   -7.91780187e-02    2.82061610e-54    1.20000000e+00    1.80000000e+00
13       1.30000000e+00    4.33087968e-01    4.37685694e-08    6.13206154e-06    7.46377545e-01    5.28424761e-01    1.63133416e-08    5.27946154e-06    6.51459795e-01    2.15197023e-06    7.18203785e-01    1.28097478e-12    2.93927984e-09    2.60304496e-02    7.52549267e-01    2.89784057e-13    7.75110465e-10    1.78617159e-02   -7.91790740e-02   -1.28280681e-54    1.30000000e+00    1.80000000e+00
14       1.40000000e+00    4.33087968e-01    4.89693780e-08    6.71424136e-06    8.42836192e-01    5.28424761e-01    1.85173199e-08    5.85486551e-06    7.38932945e-01    2.70893479e-06    7.18203785e-01    2.84166940e-13    6.37627924e-10    2.42670227e-02    7.52549267e-01    4.18814056e-14    1.17864737e-10    1.73786502e-02   -7.91802571e-02    3.98205425e-54    1.40000000e+00    1.80000000e+00
15       1.50000000e+00    4.33087968e-01    5.42363551e-08    7.25645278e-06    9.42918007e-01    5.28424761e-01    2.07992638e-08    6.39801586e-06    8.28430949e-01    3.32185583e-06    7.18203785e-01    5.58453334e-14    1.27996468e-10    2.38626741e-02    7.52549267e-01    5.27647875e-15    1.53691888e-11    1.73072838e-02   -7.91815593e-02   -2.22571904e-54    1.50000000e+00    1.80000000e+00
16       1.60000000e+00    4.33087968e-01    5.97195768e-08    7.75809270e-06    1.04683678e+00    5.28424761e-01    2.32326814e-08    6.90648813e-06    9.20039698e-01    3.98737577e-06    7.18203785e-01    1.03201969e-14    2.40789300e-11    2.37820316e-02    7.52549267e-01    6.28438375e-16    1.85717920e-12    1.72982211e-02   -7.91829714e-02    3.51059872e-54    1.60000000e+00    1.80000000e+00
17       1.70000000e+00    4.33087968e-01    6.57735982e-08    8.21976711e-06    1.15482296e+00    5.28424761e-01    2.59566316e-08    7.37885732e-06    1.01384514e+00    4.70194732e-06    7.18203785e-01    1.85413002e-15    4.36682242e-12    2.37670343e-02    7.52549267e-01    7.33306554e-17    2.17855724e-13    1.72971387e-02   -7.91844836e-02   -3.22326418e-54    1.70000000e+00    1.80000000e+00
18       1.80000000e+00    4.33087968e-01    7.32894128e-08    8.64258982e-06    1.26712530e+00    5.28424761e-01    2.92448243e-08    7.81441013e-06    1.10993626e+00    5.46191906e-06    7.18203785e-01    3.29040382e-16    7.78291498e-13    2.37643326e-02    7.52549267e-01    8.49591281e-18    2.52866429e-14    1.72970123e-02   -7.91860866e-02    4.56277533e-54    1.80000000e+00    1.80000000e+00
End of Xyce(TM) Simulation
