Index       V(VI)       N(XM1:MSKY130_FD_PR__NFET_01V8_LVT:VTH) N(XM1:MSKY130_FD_PR__NFET_01V8_LVT:GDS) N(XM1:MSKY130_FD_PR__NFET_01V8_LVT:GM) N(XM1:MSKY130_FD_PR__NFET_01V8_LVT:VDSAT) N(XM2:MSKY130_FD_PR__NFET_01V8:VTH) N(XM2:MSKY130_FD_PR__NFET_01V8:GDS) N(XM2:MSKY130_FD_PR__NFET_01V8:GM) N(XM2:MSKY130_FD_PR__NFET_01V8:VDSAT) ID(XM2:MSKY130_FD_PR__NFET_01V8) N(XM4:MSKY130_FD_PR__PFET_01V8:VTH) N(XM4:MSKY130_FD_PR__PFET_01V8:GDS) N(XM4:MSKY130_FD_PR__PFET_01V8:GM) N(XM4:MSKY130_FD_PR__PFET_01V8:VDSAT) N(XM5:MSKY130_FD_PR__PFET_01V8_HVT:VTH) N(XM5:MSKY130_FD_PR__PFET_01V8_HVT:GDS) N(XM5:MSKY130_FD_PR__PFET_01V8_HVT:GM) N(XM5:MSKY130_FD_PR__PFET_01V8_HVT:VDSAT)      I(VDD)            I(VSIG)            V(VI)           V(SUPPLY)    
0        0.00000000e+00    4.76722234e-01    4.21245251e-13    5.33361280e-11    3.79031903e-02    5.78641141e-01    3.72285598e-14    7.04569456e-12    3.94867681e-02    2.06611068e-12    6.84434253e-01    1.98262019e-06    2.53363524e-04    8.25801438e-01    7.46473817e-01    1.24462859e-06    1.91080847e-04    6.40707868e-01   -7.96526548e-02    3.91868457e-55    0.00000000e+00    1.80000000e+00
1        1.00000000e-01    4.76722234e-01    9.21151816e-12    1.16277994e-09    3.79040494e-02    5.78641141e-01    5.83500025e-13    1.10334320e-10    3.94868853e-02    5.82414685e-12    6.84434253e-01    1.46940550e-06    2.20929650e-04    7.24359921e-01    7.46473817e-01    9.46163713e-07    1.66398574e-04    5.61122417e-01   -7.95611597e-02    0.00000000e+00    1.00000000e-01    1.80000000e+00
2        2.00000000e-01    4.76722234e-01    1.96932631e-10    2.45201740e-08    3.79223935e-02    5.78641141e-01    9.09840504e-12    1.71461557e-09    3.94887114e-02    6.44039027e-11    6.84434253e-01    1.08697591e-06    1.91001695e-04    6.30979851e-01    7.46473817e-01    7.10887033e-07    1.43558178e-04    4.87252300e-01   -7.94822753e-02    9.09602283e-56    2.00000000e-01    1.80000000e+00
3        3.00000000e-01    4.76722234e-01    3.81479076e-09    4.51104899e-07    3.82756589e-02    5.78641141e-01    1.39044733e-10    2.58795577e-08    3.95165782e-02    9.58873456e-10    6.84434253e-01    7.96464585e-07    1.63309595e-04    5.44672308e-01    7.46473817e-01    5.24518434e-07    1.22373520e-04    4.18450495e-01   -7.94151527e-02   -1.13978714e-55    3.00000000e-01    1.80000000e+00
4        4.00000000e-01    4.76722233e-01    5.19918916e-08    5.62682987e-06    4.29529912e-02    5.78641141e-01    1.97082335e-09    3.53789367e-07    3.99091771e-02    1.36637473e-08    6.84434253e-01    5.73516499e-07    1.37637997e-04    4.64604184e-01    7.46473817e-01    3.76993935e-07    1.02690262e-04    3.54142757e-01   -7.93590229e-02   -1.13120056e-55    4.00000000e-01    1.80000000e+00
5        5.00000000e-01    4.76722227e-01    3.32519388e-07    3.77828759e-05    6.95677512e-02    5.78641140e-01    2.18752673e-08    3.83562435e-06    4.41485669e-02    1.63159473e-07    6.84434253e-01    4.02056922e-07    1.13808574e-04    3.90074129e-01    7.46473817e-01    2.61004679e-07    8.43526921e-05    2.93813226e-01   -7.93143830e-02    9.22059664e-56    5.00000000e-01    1.80000000e+00
6        6.00000000e-01    4.76722215e-01    9.60246508e-07    1.13229004e-04    1.26435055e-01    5.78641136e-01    1.40039114e-07    2.87355522e-05    6.83636272e-02    1.45449674e-06    6.84434253e-01    2.71025707e-07    9.16479950e-05    3.20511424e-01    7.46473817e-01    1.71154982e-07    6.71439604e-05    2.37023088e-01   -7.92851921e-02   -3.71918387e-56    6.00000000e-01    1.80000000e+00
7        7.00000000e-01    4.76722205e-01    1.74366918e-06    1.94363709e-04    1.93486036e-01    5.78641120e-01    4.54087310e-07    1.01256745e-04    1.25978856e-01    7.63524430e-06    6.84434253e-01    1.72585150e-07    7.09505168e-05    2.55530869e-01    7.46473817e-01    1.03511501e-07    5.07227972e-05    1.83536355e-01   -7.92768386e-02   -4.75411287e-56    7.00000000e-01    1.80000000e+00
8        8.00000000e-01    4.76722203e-01    2.55362488e-06    2.67316736e-04    2.59111107e-01    5.78641103e-01    9.22473996e-07    1.83280381e-04    1.98220855e-01    2.19689353e-05    6.84434253e-01    1.01098617e-07    5.14975278e-05    1.95126889e-01    7.46473817e-01    5.53491825e-08    3.47449994e-05    1.33726470e-01   -7.92913057e-02    2.28474250e-56    8.00000000e-01    1.80000000e+00
9        9.00000000e-01    4.76722207e-01    3.36548746e-06    3.34361641e-04    3.21616809e-01    5.78641094e-01    1.48131469e-06    2.51941631e-04    2.69536938e-01    4.38222068e-05    6.84434253e-01    5.24163818e-08    3.33484604e-05    1.40150304e-01    7.46473817e-01    2.46478356e-08    1.96757639e-05    8.94510404e-02   -7.93264879e-02    1.25358938e-55    9.00000000e-01    1.80000000e+00
10       1.00000000e+00    4.76722213e-01    4.18103107e-06    3.95777523e-04    3.81378131e-01    5.78641094e-01    2.11892583e-06    3.12962453e-04    3.37391131e-01    7.21114818e-05    6.84434253e-01    2.29367980e-08    1.76436193e-05    9.30481971e-02    7.46473817e-01    8.64226483e-09    7.99976311e-06    5.47435253e-02   -7.93798603e-02    2.10007100e-56    1.00000000e+00    1.80000000e+00
11       1.10000000e+00    4.76722219e-01    5.00757014e-06    4.51055028e-04    4.38991957e-01    5.78641100e-01    2.84377515e-06    3.69179869e-04    4.02406700e-01    1.06256674e-04    6.84434253e-01    8.18529439e-09    6.83096642e-06    5.78060438e-02    7.46473817e-01    2.39046626e-09    2.14908724e-06    3.35525691e-02   -7.94489885e-02    8.67459767e-57    1.10000000e+00    1.80000000e+00
12       1.20000000e+00    4.76722224e-01    5.85574408e-06    5.00114289e-04    4.95086703e-01    5.78641109e-01    3.66742065e-06    4.20442932e-04    4.65264754e-01    1.45780211e-04    6.84434253e-01    2.39451479e-09    1.87331130e-06    3.70176213e-02    7.46473817e-01    5.50650793e-10    4.44862328e-07    2.45634422e-02   -7.95313508e-02   -4.44059232e-56    1.20000000e+00    1.80000000e+00
13       1.30000000e+00    4.76722228e-01    6.73981796e-06    5.43385859e-04    5.50306008e-01    5.78641117e-01    4.60213716e-06    4.66259323e-04    5.26464534e-01    1.90160621e-04    6.84434253e-01    5.83972921e-10    4.17873467e-07    2.81805905e-02    7.46473817e-01    1.09269317e-10    8.61605072e-08    2.19648262e-02   -7.96248346e-02    6.40771329e-56    1.30000000e+00    1.80000000e+00
14       1.40000000e+00    4.76722231e-01    7.67838712e-06    5.81625803e-04    6.05290405e-01    5.78641125e-01    5.66189910e-06    5.06458746e-04    5.86422234e-01    2.38841952e-04    6.84434253e-01    1.19665023e-10    8.55531072e-08    2.55489345e-02    7.46473817e-01    1.93874164e-11    1.56336733e-08    2.14042800e-02   -7.97278605e-02    1.50740980e-56    1.40000000e+00    1.80000000e+00
15       1.50000000e+00    4.76722232e-01    8.69561461e-06    6.15742184e-04    6.60659219e-01    5.78641131e-01    6.86382486e-06    5.41178930e-04    6.45525613e-01    2.91267401e-04    6.84434253e-01    2.14449545e-11    1.58641887e-08    2.49659061e-02    7.46473817e-01    3.22757834e-12    2.65253746e-09    2.13022303e-02   -7.98391228e-02   -6.43939876e-58    1.50000000e+00    1.80000000e+00
16       1.60000000e+00    4.76722233e-01    9.82334068e-06    6.46675411e-04    7.16999164e-01    5.78641135e-01    8.22981728e-06    5.70753404e-04    7.04148656e-01    3.46904523e-04    6.84434253e-01    3.56041516e-12    2.69787527e-09    2.48586558e-02    7.46473817e-01    5.21528148e-13    4.32731805e-10    2.12851027e-02   -7.99574283e-02   -2.12589870e-56    1.60000000e+00    1.80000000e+00
17       1.70000000e+00    4.76722233e-01    1.11045384e-05    6.75324531e-04    7.74860117e-01    5.78641138e-01    9.78861443e-06    5.95621105e-04    7.62651429e-01    4.05260074e-04    6.84434253e-01    5.70363737e-13    4.37234382e-10    2.48406916e-02    7.46473817e-01    8.32071319e-14    6.93275760e-11    2.12823274e-02   -8.00817277e-02    5.12346779e-56    1.70000000e+00    1.80000000e+00
18       1.80000000e+00    4.76722234e-01    1.25989231e-05    7.02504921e-04    8.34756206e-01    5.78641140e-01    1.15785696e-05    6.16264110e-04    8.21376738e-01    4.65887265e-04    6.84434253e-01    8.99942252e-14    6.93310175e-11    2.48378047e-02    7.46473817e-01    1.32064721e-14    1.10223614e-11    2.12818841e-02   -8.02112020e-02   -1.94553946e-56    1.80000000e+00    1.80000000e+00
End of Xyce(TM) Simulation
