Index       V(VI)       N(XM1:MSKY130_FD_PR__NFET_01V8_LVT:VTH) N(XM1:MSKY130_FD_PR__NFET_01V8_LVT:GDS) N(XM1:MSKY130_FD_PR__NFET_01V8_LVT:GM) N(XM1:MSKY130_FD_PR__NFET_01V8_LVT:VDSAT) N(XM2:MSKY130_FD_PR__NFET_01V8:VTH) N(XM2:MSKY130_FD_PR__NFET_01V8:GDS) N(XM2:MSKY130_FD_PR__NFET_01V8:GM) N(XM2:MSKY130_FD_PR__NFET_01V8:VDSAT) ID(XM2:MSKY130_FD_PR__NFET_01V8) N(XM4:MSKY130_FD_PR__PFET_01V8:VTH) N(XM4:MSKY130_FD_PR__PFET_01V8:GDS) N(XM4:MSKY130_FD_PR__PFET_01V8:GM) N(XM4:MSKY130_FD_PR__PFET_01V8:VDSAT) N(XM5:MSKY130_FD_PR__PFET_01V8_HVT:VTH) N(XM5:MSKY130_FD_PR__PFET_01V8_HVT:GDS) N(XM5:MSKY130_FD_PR__PFET_01V8_HVT:GM) N(XM5:MSKY130_FD_PR__PFET_01V8_HVT:VDSAT)      I(VDD)            I(VSIG)            V(VI)           V(SUPPLY)    
0        0.00000000e+00    4.43527287e-01    2.43009125e-14    3.82982109e-12    3.60039690e-02    5.46561756e-01    2.56116757e-15    6.60556849e-13    3.85332097e-02    1.83478669e-12    6.32239186e-01    5.67609867e-09    6.90352835e-06    6.33473469e-01    7.11482735e-01    6.87740258e-09    5.91722040e-06    5.75820548e-01   -7.91874010e-02    1.86753447e-54    0.00000000e+00    1.80000000e+00
1        1.00000000e-01    4.43527287e-01    5.18988407e-13    8.14191921e-11    3.60060518e-02    5.46561756e-01    3.67998200e-14    9.47790428e-12    3.85335523e-02    2.16614703e-12    6.32239186e-01    4.78118017e-09    6.22165132e-06    5.70974030e-01    7.11482735e-01    5.87361422e-09    5.34780993e-06    5.16936872e-01   -7.91851528e-02    0.00000000e+00    1.00000000e-01    1.80000000e+00
2        2.00000000e-01    4.43527287e-01    1.07230415e-11    1.64975269e-09    3.60490060e-02    5.46561756e-01    5.24625016e-13    1.34428974e-10    3.85384342e-02    6.88781735e-12    6.32239186e-01    4.01950049e-09    5.54586150e-06    5.10707744e-01    7.11482735e-01    4.98134445e-09    4.77981852e-06    4.59873107e-01   -7.91831282e-02    6.68191178e-52    2.00000000e-01    1.80000000e+00
3        3.00000000e-01    4.43527287e-01    1.92787585e-10    2.79076115e-08    3.68144126e-02    5.46561756e-01    7.26434322e-12    1.83007168e-09    3.86058806e-02    7.22205910e-11    6.32239186e-01    3.36140698e-09    4.88029452e-06    4.52544821e-01    7.11482735e-01    4.18141572e-09    4.21580743e-06    4.04517614e-01   -7.91813361e-02    3.10664515e-56    3.00000000e-01    1.80000000e+00
4        4.00000000e-01    4.43527287e-01    2.20961596e-09    3.11274696e-07    4.52317026e-02    5.46561756e-01    9.07740685e-11    2.20676649e-08    3.94414239e-02    8.97034310e-10    6.32239186e-01    2.78574754e-09    4.22912403e-06    3.96363235e-01    7.11482735e-01    3.45921144e-09    3.65831356e-06    3.50746945e-01   -7.91797880e-02   -1.96166897e-55    4.00000000e-01    1.80000000e+00
5        5.00000000e-01    4.43527287e-01    1.11696725e-08    1.79692360e-06    8.18758230e-02    5.46561756e-01    8.36288515e-10    2.14075914e-07    4.68871291e-02    9.51022052e-09    6.32239186e-01    2.27715616e-09    3.59614104e-06    3.42049703e-01    7.11482735e-01    2.80333889e-09    3.10890623e-06    2.98421685e-01   -7.91785528e-02   -7.16843695e-56    5.00000000e-01    1.80000000e+00
6        6.00000000e-01    4.43527286e-01    2.75501374e-08    4.50446073e-06    1.47033342e-01    5.46561756e-01    4.21127604e-09    1.39872641e-06    8.02953547e-02    7.61154404e-08    6.32239186e-01    1.82436519e-09    2.98404872e-06    2.89509656e-01    7.11482735e-01    2.20496318e-09    2.56621566e-06    2.47403433e-01   -7.91778125e-02    4.06011516e-57    6.00000000e-01    1.80000000e+00
7        7.00000000e-01    4.43527286e-01    4.67223066e-08    7.19974830e-06    2.21603515e-01    5.46561756e-01    1.10678595e-08    4.09082469e-06    1.46687747e-01    3.43956379e-07    6.32239186e-01    1.41929222e-09    2.39351761e-06    2.38705596e-01    7.11482735e-01    1.65819128e-09    2.02329045e-06    1.97651969e-01   -7.91777525e-02   -1.60623799e-55    7.00000000e-01    1.80000000e+00
8        8.00000000e-01    4.43527286e-01    6.67281712e-08    9.77390341e-06    2.98408145e-01    5.46561755e-01    1.94542721e-08    6.77984423e-06    2.25228428e-01    8.91585745e-07    6.32239186e-01    1.05694486e-09    1.82300163e-06    1.89773303e-01    7.11482735e-01    1.16254044e-09    1.46927681e-06    1.49550957e-01   -7.91784255e-02    4.23192315e-55    8.00000000e-01    1.80000000e+00
9        9.00000000e-01    4.43527286e-01    8.72794633e-08    1.23259502e-05    3.76840849e-01    5.46561755e-01    2.82041870e-08    9.08869636e-06    3.03990665e-01    1.68696195e-06    6.32239186e-01    7.36446890e-10    1.27335681e-06    1.43315453e-01    7.11482735e-01    7.28592360e-10    9.11932499e-07    1.04684233e-01   -7.91797812e-02    8.87402100e-56    9.00000000e-01    1.80000000e+00
10       1.00000000e+00    4.43527286e-01    1.08372575e-07    1.48497753e-05    4.57205098e-01    5.46561755e-01    3.72338278e-08    1.12697185e-05    3.81689274e-01    2.70535056e-06    6.32239186e-01    4.63219834e-10    7.64975642e-07    1.00960552e-01    7.11482735e-01    3.83197459e-10    4.27649191e-07    6.68048441e-02   -7.91817768e-02    3.94763112e-55    1.00000000e+00    1.80000000e+00
11       1.10000000e+00    4.43527287e-01    1.30046755e-07    1.73103600e-05    5.39748661e-01    5.46561755e-01    4.67075765e-08    1.34024239e-05    4.59026628e-01    3.93932798e-06    6.32239186e-01    2.49875526e-10    3.59170805e-07    6.58336312e-02    7.11482735e-01    1.57296482e-10    1.35801421e-07    4.08209723e-02   -7.91843706e-02   -2.78220094e-56    1.10000000e+00    1.80000000e+00
12       1.20000000e+00    4.43527287e-01    1.52400171e-07    1.96765001e-05    6.24652105e-01    5.46561756e-01    5.68191863e-08    1.54724663e-05    5.36511052e-01    5.38366592e-06    6.32239186e-01    1.08900287e-10    1.21806463e-07    4.14847057e-02    7.11482735e-01    4.84441798e-11    3.14164452e-08    2.79174352e-02   -7.91875069e-02    2.08954375e-55    1.20000000e+00    1.80000000e+00
13       1.30000000e+00    4.43527287e-01    1.75638241e-07    2.19254512e-05    7.12076506e-01    5.46561756e-01    6.77976053e-08    1.74529668e-05    6.14391522e-01    7.03073978e-06    6.32239186e-01    3.66616595e-11    3.12901059e-08    2.86174886e-02    7.11482735e-01    1.15844541e-11    6.57679624e-09    2.34876021e-02   -7.91911316e-02    2.86121634e-55    1.30000000e+00    1.80000000e+00
14       1.40000000e+00    4.43527287e-01    2.00142341e-07    2.40420226e-05    8.02185128e-01    5.46561756e-01    7.99470328e-08    1.93235139e-05    6.92797599e-01    8.87051527e-06    6.32239186e-01    9.56393573e-12    7.13763995e-09    2.37179995e-02    7.11482735e-01    2.34175720e-12    1.31745042e-09    2.23718690e-02   -7.91952027e-02    1.67330138e-55    1.40000000e+00    1.80000000e+00
15       1.50000000e+00    4.43527287e-01    2.26587129e-07    2.60173187e-05    8.95150679e-01    5.46561756e-01    9.36970016e-08    2.10706372e-05    7.71816878e-01    1.08912749e-05    6.32239186e-01    2.05336662e-12    1.52261993e-09    2.23527788e-02    7.11482735e-01    4.32792086e-13    2.47659328e-10    2.21411791e-02   -7.91996861e-02   -4.87380429e-56    1.50000000e+00    1.80000000e+00
16       1.60000000e+00    4.43527287e-01    2.56165883e-07    2.78475348e-05    9.91157524e-01    5.46561756e-01    1.09673789e-07    2.26857474e-05    8.51525458e-01    1.30802110e-05    6.32239186e-01    3.92521855e-13    2.98250628e-10    2.20504524e-02    7.11482735e-01    7.67050802e-14    4.44271102e-11    2.20981381e-02   -7.92045484e-02   -4.10196415e-55    1.60000000e+00    1.80000000e+00
17       1.70000000e+00    4.43527287e-01    2.91060295e-07    2.95324790e-05    1.09040249e+00    5.46561756e-01    1.28815455e-07    2.41635987e-05    9.31998140e-01    1.54238333e-05    6.32239186e-01    7.08066057e-14    5.47480191e-11    2.19918719e-02    7.11482735e-01    1.33480566e-14    7.77758864e-12    2.20904797e-02   -7.92097540e-02    2.03879333e-55    1.70000000e+00    1.80000000e+00
18       1.80000000e+00    4.43527287e-01    3.35504688e-07    3.10732758e-05    1.19309538e+00    5.46561756e-01    1.52569711e-07    2.55012714e-05    1.01331123e+00    1.79082514e-05    6.32239186e-01    1.24422088e-14    9.70494445e-12    2.19812439e-02    7.11482735e-01    2.30484393e-15    1.34655606e-12    2.20891448e-02   -7.92152673e-02   -3.28969150e-55    1.80000000e+00    1.80000000e+00
End of Xyce(TM) Simulation
