Index       V(VI)       N(XM1:MSKY130_FD_PR__NFET_01V8_LVT:VTH) N(XM1:MSKY130_FD_PR__NFET_01V8_LVT:GDS) N(XM1:MSKY130_FD_PR__NFET_01V8_LVT:GM) N(XM1:MSKY130_FD_PR__NFET_01V8_LVT:VDSAT) N(XM2:MSKY130_FD_PR__NFET_01V8:VTH) N(XM2:MSKY130_FD_PR__NFET_01V8:GDS) N(XM2:MSKY130_FD_PR__NFET_01V8:GM) N(XM2:MSKY130_FD_PR__NFET_01V8:VDSAT) ID(XM2:MSKY130_FD_PR__NFET_01V8) N(XM4:MSKY130_FD_PR__PFET_01V8:VTH) N(XM4:MSKY130_FD_PR__PFET_01V8:GDS) N(XM4:MSKY130_FD_PR__PFET_01V8:GM) N(XM4:MSKY130_FD_PR__PFET_01V8:VDSAT) N(XM5:MSKY130_FD_PR__PFET_01V8_HVT:VTH) N(XM5:MSKY130_FD_PR__PFET_01V8_HVT:GDS) N(XM5:MSKY130_FD_PR__PFET_01V8_HVT:GM) N(XM5:MSKY130_FD_PR__PFET_01V8_HVT:VDSAT)      I(VDD)            I(VSIG)            V(VI)           V(SUPPLY)    
0        0.00000000e+00    4.25818709e-01    5.00074554e-13    1.17486267e-10    3.57021848e-02    5.26103853e-01    9.24635466e-14    2.57208487e-11    3.78245863e-02    2.74623379e-12    7.46686843e-01    5.08645841e-07    1.79120894e-04    5.49965454e-01    7.93052723e-01    6.10165760e-07    1.82821562e-04    5.21433875e-01   -7.95813265e-02    4.93812160e-54    0.00000000e+00    1.80000000e+00
1        1.00000000e-01    4.25818709e-01    1.35543143e-11    3.16412501e-09    3.57047246e-02    5.26103853e-01    1.44225380e-12    4.00563957e-10    3.78249922e-02    1.64135778e-11    7.46686843e-01    4.56929308e-07    1.62435674e-04    4.93016856e-01    7.93052723e-01    5.36128731e-07    1.62039622e-04    4.57128507e-01   -7.95061565e-02    0.00000000e+00    1.00000000e-01    1.80000000e+00
2        2.00000000e-01    4.25818709e-01    3.48381817e-10    7.89320108e-08    3.57698521e-02    5.26103853e-01    2.22868834e-11    6.15288485e-09    3.78312596e-02    2.27507026e-10    7.46686843e-01    4.05950405e-07    1.45577422e-04    4.37677849e-01    7.93052723e-01    4.64986844e-07    1.42531193e-04    3.96006315e-01   -7.94398454e-02    1.38797686e-54    2.00000000e-01    1.80000000e+00
3        3.00000000e-01    4.25818709e-01    7.08863585e-09    1.47116727e-06    3.70783476e-02    5.26103853e-01    3.32187325e-10    8.98797931e-08    3.79244389e-02    3.37262210e-09    7.46686843e-01    3.55623945e-07    1.28597784e-04    3.83881775e-01    7.93052723e-01    3.95958242e-07    1.24062279e-04    3.37500686e-01   -7.93823062e-02    1.30147558e-54    3.00000000e-01    1.80000000e+00
4        4.00000000e-01    4.25818708e-01    7.38954570e-08    1.55626017e-05    4.99176118e-02    5.26103852e-01    4.34656200e-09    1.13349903e-06    3.91314543e-02    4.52575476e-08    7.46686843e-01    3.05928657e-07    1.11547042e-04    3.31570440e-01    7.93052723e-01    3.28328400e-07    1.06126676e-04    2.81048084e-01   -7.93337873e-02   -9.19965481e-55    4.00000000e-01    1.80000000e+00
5        5.00000000e-01    4.25818701e-01    3.07151773e-07    7.53800508e-05    9.37092111e-02    5.26103851e-01    3.88846643e-08    1.11406311e-05    4.95158388e-02    4.93243808e-07    7.46686843e-01    2.56902055e-07    9.44596786e-05    2.80705660e-01    7.93052723e-01    2.61615076e-07    8.77585429e-05    2.26249870e-01   -7.92971278e-02   -2.81762915e-55    5.00000000e-01    1.80000000e+00
6        6.00000000e-01    4.25818691e-01    6.74251174e-07    1.66857989e-04    1.60790881e-01    5.26103841e-01    1.74612947e-07    6.52141108e-05    9.03341956e-02    3.76595669e-06    7.46686843e-01    2.08666163e-07    7.73299705e-05    2.31306270e-01    7.93052723e-01    1.96114798e-07    6.76656412e-05    1.73310942e-01   -7.92788539e-02    7.07695883e-55    6.00000000e-01    1.80000000e+00
7        7.00000000e-01    4.25818686e-01    1.08840641e-06    2.58083192e-04    2.35130453e-01    5.26103822e-01    4.10329669e-07    1.63280516e-04    1.61377816e-01    1.51080682e-05    7.46686843e-01    1.61530393e-07    6.00982224e-05    1.83558052e-01    7.93052723e-01    1.33955887e-07    4.55215125e-05    1.23831364e-01   -7.92851350e-02   -4.51015346e-55    7.00000000e-01    1.80000000e+00
8        8.00000000e-01    4.25818687e-01    1.52038372e-06    3.47541819e-04    3.12177689e-01    5.26103808e-01    6.73025112e-07    2.52835337e-04    2.41009088e-01    3.60490833e-05    7.46686843e-01    1.16281306e-07    4.27718863e-05    1.38106141e-01    7.93052723e-01    7.99540775e-08    2.43485773e-05    8.13964471e-02   -7.93168585e-02    1.49389160e-55    8.00000000e-01    1.80000000e+00
9        9.00000000e-01    4.25818692e-01    1.96401588e-06    4.35888189e-04    3.91520741e-01    5.26103805e-01    9.34372749e-07    3.31960346e-04    3.20887997e-01    6.53320330e-05    7.46686843e-01    7.47923167e-08    2.60268691e-05    9.66649181e-02    7.93052723e-01    4.00264692e-08    9.61787550e-06    5.03138838e-02   -7.93717597e-02   -7.85641677e-55    9.00000000e-01    1.80000000e+00
10       1.00000000e+00    4.25818699e-01    2.41723027e-06    5.21925644e-04    4.73309210e-01    5.26103811e-01    1.19357161e-06    4.08291461e-04    4.00785118e-01    1.02355751e-04    7.46686843e-01    4.05798242e-08    1.22206808e-05    6.25877308e-02    7.93052723e-01    1.64770852e-08    2.89634795e-06    3.20836925e-02   -7.94476974e-02   -9.86136495e-55    1.00000000e+00    1.80000000e+00
11       1.10000000e+00    4.25818704e-01    2.87937893e-06    6.04189513e-04    5.57715521e-01    5.26103821e-01    1.45359205e-06    4.83036106e-04    4.81425001e-01    1.46936720e-04    7.46686843e-01    1.74280192e-08    4.13766796e-06    3.95428387e-02    7.93052723e-01    5.66393829e-09    7.76732969e-07    2.37357413e-02   -7.95427190e-02   -6.17866054e-55    1.10000000e+00    1.80000000e+00
12       1.20000000e+00    4.25818707e-01    3.35168417e-06    6.81471626e-04    6.44906495e-01    5.26103833e-01    1.71734451e-06    5.55303797e-04    5.63236071e-01    1.98877004e-04    7.46686843e-01    5.62665867e-09    1.08668768e-06    2.77927161e-02    7.93052723e-01    1.69635724e-09    2.08921572e-07    2.06760526e-02   -7.96550332e-02    3.51274136e-55    1.20000000e+00    1.80000000e+00
13       1.30000000e+00    4.25818709e-01    3.83834554e-06    7.52902088e-04    7.35054961e-01    5.26103842e-01    1.98844009e-06    6.24161017e-04    6.46428722e-01    2.57880424e-04    7.46686843e-01    1.33493728e-09    2.46763285e-07    2.35182717e-02    7.93052723e-01    4.64368392e-10    5.61199075e-08    1.97263323e-02   -7.97831381e-02   -1.11805813e-54    1.30000000e+00    1.80000000e+00
14       1.40000000e+00    4.25818709e-01    4.34844278e-06    8.17942038e-04    8.28345676e-01    5.26103848e-01    2.27241326e-06    6.88966698e-04    7.31124527e-01    3.23571656e-04    7.46686843e-01    2.43393691e-10    4.73801579e-08    2.24309756e-02    7.93052723e-01    1.20638111e-10    1.46859135e-08    1.94613859e-02   -7.99257289e-02    1.09770981e-54    1.40000000e+00    1.80000000e+00
15       1.50000000e+00    4.25818709e-01    4.89956267e-06    8.76354599e-04    9.24977488e-01    5.26103851e-01    2.57828747e-06    7.49321843e-04    8.17416610e-01    3.95523871e-04    7.46686843e-01    3.76818763e-11    7.68372475e-09    2.22260571e-02    7.93052723e-01    3.04660961e-11    3.74237183e-09    1.93918837e-02   -8.00815157e-02   -4.18850593e-55    1.50000000e+00    1.80000000e+00
16       1.60000000e+00    4.25818709e-01    5.52536852e-06    9.28158692e-04    1.02516433e+00    5.26103852e-01    2.92112973e-06    8.04996266e-04    9.05391813e-01    4.73279196e-04    7.46686843e-01    5.39521335e-12    1.12577205e-09    2.21938948e-02    7.93052723e-01    7.58186778e-12    9.36904128e-10    1.93742453e-02   -8.02491393e-02    4.65648101e-55    1.60000000e+00    1.80000000e+00
17       1.70000000e+00    4.25818709e-01    6.29284582e-06    9.73560545e-04    1.12913606e+00    5.26103853e-01    3.32681418e-06    8.55879329e-04    9.95137904e-01    5.56363055e-04    7.46686843e-01    7.48003381e-13    1.57563088e-10    2.21892654e-02    7.93052723e-01    1.87285785e-12    2.32206560e-10    1.93698450e-02   -8.04272225e-02    4.77443248e-56    1.70000000e+00    1.80000000e+00
18       1.80000000e+00    4.25818709e-01    7.34563634e-06    1.01284447e-03    1.23713943e+00    5.26103853e-01    3.84159616e-06    9.01942310e-04    1.08674564e+00    6.44294267e-04    7.46686843e-01    1.02427158e-13    2.16542167e-11    2.21886224e-02    7.93052723e-01    4.60908377e-13    5.72459989e-11    1.93687567e-02   -8.06144860e-02    4.49107136e-55    1.80000000e+00    1.80000000e+00
End of Xyce(TM) Simulation
