Index       V(VI)       N(XM1:MSKY130_FD_PR__NFET_01V8_LVT:VTH) N(XM1:MSKY130_FD_PR__NFET_01V8_LVT:GDS) N(XM1:MSKY130_FD_PR__NFET_01V8_LVT:GM) N(XM1:MSKY130_FD_PR__NFET_01V8_LVT:VDSAT) N(XM2:MSKY130_FD_PR__NFET_01V8:VTH) N(XM2:MSKY130_FD_PR__NFET_01V8:GDS) N(XM2:MSKY130_FD_PR__NFET_01V8:GM) N(XM2:MSKY130_FD_PR__NFET_01V8:VDSAT) ID(XM2:MSKY130_FD_PR__NFET_01V8) N(XM4:MSKY130_FD_PR__PFET_01V8:VTH) N(XM4:MSKY130_FD_PR__PFET_01V8:GDS) N(XM4:MSKY130_FD_PR__PFET_01V8:GM) N(XM4:MSKY130_FD_PR__PFET_01V8:VDSAT) N(XM5:MSKY130_FD_PR__PFET_01V8_HVT:VTH) N(XM5:MSKY130_FD_PR__PFET_01V8_HVT:GDS) N(XM5:MSKY130_FD_PR__PFET_01V8_HVT:GM) N(XM5:MSKY130_FD_PR__PFET_01V8_HVT:VDSAT)      I(VDD)            I(VSIG)            V(VI)           V(SUPPLY)    
0        0.00000000e+00    4.68608401e-01    3.91846799e-14    4.92603664e-12    3.78472918e-02    5.56396755e-01    1.52186418e-14    1.79106933e-12    4.01076227e-02    1.87935377e-12    6.18101498e-01    1.15441577e-07    2.02252757e-05    7.65724753e-01    6.60420385e-01    1.13154151e-07    1.64241426e-05    6.44902153e-01   -7.92083460e-02    6.56773430e-55    0.00000000e+00    1.80000000e+00
1        1.00000000e-01    4.68608401e-01    9.48626418e-13    1.18755676e-10    3.78484215e-02    5.56396755e-01    2.01428555e-13    2.36768223e-11    4.01079325e-02    2.72794612e-12    6.18101498e-01    8.88280902e-08    1.78702112e-05    6.84444222e-01    6.60420385e-01    8.84885047e-08    1.46702880e-05    5.78233949e-01   -7.92024097e-02    0.00000000e+00    1.00000000e-01    1.80000000e+00
2        2.00000000e-01    4.68608401e-01    2.22290049e-11    2.72886792e-09    3.78748521e-02    5.56396755e-01    2.64874832e-12    3.09991269e-10    4.01120036e-02    1.38815531e-11    6.18101498e-01    6.80130748e-08    1.56535948e-05    6.07509460e-01    6.60420385e-01    6.82500782e-08    1.29847437e-05    5.14075178e-01   -7.91971108e-02    4.17619486e-52    2.00000000e-01    1.80000000e+00
3        3.00000000e-01    4.68608401e-01    4.50986663e-10    5.14445869e-08    3.84068040e-02    5.56396755e-01    3.40298118e-11    3.92535521e-09    4.01642032e-02    1.57019780e-10    6.18101498e-01    5.15771766e-08    1.35697106e-05    5.34544012e-01    6.60420385e-01    5.16414715e-08    1.13736186e-05    4.52091729e-01   -7.91924566e-02   -1.19901480e-55    3.00000000e-01    1.80000000e+00
4        4.00000000e-01    4.68608401e-01    5.70916821e-09    5.81910278e-07    4.48837356e-02    5.56396755e-01    4.03739556e-10    4.48845263e-08    4.07788352e-02    1.86007881e-09    6.18101498e-01    3.85372070e-08    1.16135222e-05    4.65207242e-01    6.60420385e-01    3.80479846e-08    9.83768111e-06    3.91894154e-01   -7.91884546e-02   -1.09794730e-55    4.00000000e-01    1.80000000e+00
5        5.00000000e-01    4.68608400e-01    3.15486851e-08    3.34692677e-06    7.59258011e-02    5.56396755e-01    3.77777958e-09    4.13429303e-07    4.63586316e-02    1.88120422e-08    6.18101498e-01    2.81893545e-08    9.77958616e-06    3.99189381e-01    6.60420385e-01    2.69949136e-08    8.36407737e-06    3.33034837e-01   -7.91852141e-02   -3.27115410e-56    5.00000000e-01    1.80000000e+00
6        6.00000000e-01    4.68608400e-01    8.40441362e-08    9.09001927e-06    1.36206180e-01    5.56396755e-01    2.13143004e-08    2.69863127e-06    7.45362664e-02    1.45742045e-07    6.18101498e-01    2.00165868e-08    8.06002384e-06    3.36218226e-01    6.60420385e-01    1.81306074e-08    6.91429462e-06    2.75083176e-01   -7.91830892e-02    7.17615016e-56    6.00000000e-01    1.80000000e+00
7        7.00000000e-01    4.68608399e-01    1.49544553e-07    1.53536547e-05    2.07571100e-01    5.56396753e-01    6.43774048e-08    8.72154917e-06    1.38468495e-01    6.94409535e-07    6.18101498e-01    1.36333038e-08    6.44179718e-06    2.76100533e-01    6.60420385e-01    1.12274965e-08    5.41976420e-06    2.17915901e-01   -7.91825328e-02   -2.11103724e-56    7.00000000e-01    1.80000000e+00
8        8.00000000e-01    4.68608399e-01    2.19908279e-07    2.14046414e-05    2.80464880e-01    5.56396752e-01    1.24889941e-07    1.50224302e-05    2.17839370e-01    1.89398738e-06    6.18101498e-01    8.75263776e-09    4.90628277e-06    2.18853583e-01    6.60420385e-01    6.17335111e-09    3.82606372e-06    1.62429142e-01   -7.91837430e-02    7.33761271e-56    8.00000000e-01    1.80000000e+00
9        9.00000000e-01    4.68608400e-01    2.93590181e-07    2.73468154e-05    3.53182384e-01    5.56396752e-01    1.93265794e-07    2.00037754e-05    2.95974033e-01    3.65293581e-06    6.18101498e-01    5.16488686e-09    3.44215455e-06    1.65029949e-01    6.60420385e-01    2.88591912e-09    2.23199959e-06    1.11603327e-01   -7.91865835e-02    6.90100161e-56    9.00000000e-01    1.80000000e+00
10       1.00000000e+00    4.68608400e-01    3.70873185e-07    3.31714561e-05    4.25744321e-01    5.56396752e-01    2.68059707e-07    2.44693483e-05    3.70567679e-01    5.87848961e-06    6.18101498e-01    2.70985125e-09    2.09086809e-06    1.16308330e-01    6.60420385e-01    1.11944943e-09    9.73703002e-07    7.06053036e-02   -7.91909010e-02   -1.07462266e-55    1.00000000e+00    1.80000000e+00
11       1.10000000e+00    4.68608400e-01    4.52655546e-07    3.88200527e-05    4.98427457e-01    5.56396753e-01    3.50695966e-07    2.87721824e-05    4.42690742e-01    8.54161481e-06    6.18101498e-01    1.22141098e-09    1.00267372e-06    7.59621709e-02    6.60420385e-01    3.70603558e-10    3.06240753e-07    4.37179830e-02   -7.91965616e-02   -4.12035488e-56    1.10000000e+00    1.80000000e+00
12       1.20000000e+00    4.68608401e-01    5.40394208e-07    4.42490637e-05    5.71578148e-01    5.56396753e-01    4.42909124e-07    3.29118006e-05    5.13185107e-01    1.16273309e-05    6.18101498e-01    4.63089378e-10    3.50556231e-07    4.77472810e-02    6.60420385e-01    1.11317391e-10    7.79105741e-08    3.01207036e-02   -7.92034207e-02    1.41609564e-55    1.20000000e+00    1.80000000e+00
13       1.30000000e+00    4.68608401e-01    6.36285832e-07    4.94418888e-05    6.45595906e-01    5.56396754e-01    5.46446974e-07    3.68264385e-05    5.82483736e-01    1.51162470e-05    6.18101498e-01    1.47167595e-10    9.29512325e-08    3.24768987e-02    6.60420385e-01    3.12818326e-11    1.93238620e-08    2.48015026e-02   -7.92113475e-02    1.02855619e-56    1.30000000e+00    1.80000000e+00
14       1.40000000e+00    4.68608401e-01    7.43585975e-07    5.44057372e-05    7.20925653e-01    5.56396754e-01    6.63231043e-07    4.04700166e-05    6.50824533e-01    1.89833843e-05    6.18101498e-01    3.94753408e-11    2.20494126e-08    2.63913621e-02    6.60420385e-01    8.27016678e-12    4.93171779e-09    2.31055406e-02   -7.92202439e-02    5.71098111e-56    1.40000000e+00    1.80000000e+00
15       1.50000000e+00    4.68608401e-01    8.67150846e-07    5.91656614e-05    7.98048038e-01    5.56396755e-01    7.95544636e-07    4.38168486e-05    7.18374905e-01    2.32002132e-05    6.18101498e-01    9.19324354e-12    5.04455783e-09    2.45667269e-02    6.60420385e-01    2.08296286e-12    1.24753250e-09    2.26337144e-02   -7.92300379e-02    2.72085637e-56    1.50000000e+00    1.80000000e+00
16       1.60000000e+00    4.68608401e-01    1.01439008e-06    6.37581325e-05    8.77470679e-01    5.56396755e-01    9.46220368e-07    4.68548458e-05    7.85281287e-01    2.77363647e-05    6.18101498e-01    1.94890667e-12    1.08944197e-09    2.41217820e-02    6.60420385e-01    5.08592075e-13    3.07671584e-10    2.25125056e-02   -7.92406664e-02   -6.25515206e-56    1.60000000e+00    1.80000000e+00
17       1.70000000e+00    4.68608401e-01    1.19700891e-06    6.82241971e-05    9.59721935e-01    5.56396755e-01    1.11886239e-06    4.95801221e-05    8.51685421e-01    3.25607028e-05    6.18101498e-01    3.92360525e-13    2.22962187e-10    2.40257371e-02    6.60420385e-01    1.22044673e-13    7.43554477e-11    2.24826731e-02   -7.92520674e-02   -1.65652567e-56    1.70000000e+00    1.80000000e+00
18       1.80000000e+00    4.68608401e-01    1.43434764e-06    7.26012234e-05    1.04534754e+00    5.56396755e-01    1.31814545e-06    5.19937516e-05    9.17728401e-01    3.76419719e-05    6.18101498e-01    7.70202854e-14    4.41691514e-11    2.40062602e-02    6.60420385e-01    2.90229770e-14    1.77531216e-11    2.24754896e-02   -7.92641828e-02    8.76089150e-56    1.80000000e+00    1.80000000e+00
End of Xyce(TM) Simulation
