Index       V(VI)       N(XM1:MSKY130_FD_PR__NFET_01V8_LVT:VTH) N(XM1:MSKY130_FD_PR__NFET_01V8_LVT:GDS) N(XM1:MSKY130_FD_PR__NFET_01V8_LVT:GM) N(XM1:MSKY130_FD_PR__NFET_01V8_LVT:VDSAT) N(XM2:MSKY130_FD_PR__NFET_01V8:VTH) N(XM2:MSKY130_FD_PR__NFET_01V8:GDS) N(XM2:MSKY130_FD_PR__NFET_01V8:GM) N(XM2:MSKY130_FD_PR__NFET_01V8:VDSAT) ID(XM2:MSKY130_FD_PR__NFET_01V8) N(XM4:MSKY130_FD_PR__PFET_01V8:VTH) N(XM4:MSKY130_FD_PR__PFET_01V8:GDS) N(XM4:MSKY130_FD_PR__PFET_01V8:GM) N(XM4:MSKY130_FD_PR__PFET_01V8:VDSAT) N(XM5:MSKY130_FD_PR__PFET_01V8_HVT:VTH) N(XM5:MSKY130_FD_PR__PFET_01V8_HVT:GDS) N(XM5:MSKY130_FD_PR__PFET_01V8_HVT:GM) N(XM5:MSKY130_FD_PR__PFET_01V8_HVT:VDSAT)      I(VDD)            I(VSIG)            V(VI)           V(SUPPLY)    
0        0.00000000e+00    4.34967874e-01    3.08693459e-15    4.88077461e-13    3.56491429e-02    5.03347216e-01    3.41508283e-16    2.47640039e-13    3.71805403e-02    1.81973431e-12    6.30440246e-01    3.74412574e-10    6.93234119e-07    6.29023236e-01    7.55306392e-01    5.80669281e-10    5.42299941e-07    4.94762875e-01   -7.91753967e-02    2.36669036e-53    0.00000000e+00    1.80000000e+00
1        1.00000000e-01    4.34967874e-01    6.58412134e-14    1.03562147e-11    3.56518257e-02    5.03347216e-01    4.34175196e-15    3.13989617e-12    3.71819976e-02    1.93376125e-12    6.30440246e-01    3.26756225e-10    6.24650585e-07    5.66172820e-01    7.55306392e-01    5.19480968e-10    4.93612013e-07    4.46109034e-01   -7.91751771e-02    0.00000000e+00    1.00000000e-01    1.80000000e+00
2        2.00000000e-01    4.34967874e-01    1.35251495e-12    2.08130604e-10    3.57068208e-02    5.03347216e-01    5.44266117e-14    3.90131047e-11    3.72002441e-02    3.36213489e-12    6.30440246e-01    2.83845987e-10    5.56396003e-07    5.05740415e-01    7.55306392e-01    4.59527517e-10    4.43691863e-07    3.98160853e-01   -7.91749792e-02    1.00228677e-51    2.00000000e-01    1.80000000e+00
3        3.00000000e-01    4.34967874e-01    2.37705251e-11    3.42919619e-09    3.66636005e-02    5.03347216e-01    6.49937077e-13    4.55291444e-10    3.74171870e-02    2.04455599e-11    6.30440246e-01    2.44610492e-10    4.88979904e-07    4.47586736e-01    7.55306392e-01    4.00620087e-10    3.92879353e-07    3.50869482e-01   -7.91748039e-02    1.20274412e-50    3.00000000e-01    1.80000000e+00
4        4.00000000e-01    4.34967874e-01    2.56739530e-10    3.66124810e-08    4.65321202e-02    5.03347216e-01    6.65432016e-12    4.63782781e-09    3.96037125e-02    2.02995198e-10    6.30440246e-01    2.08356743e-10    4.22918972e-07    3.91583070e-01    7.55306392e-01    3.42631016e-10    3.41457587e-07    3.04169529e-01   -7.91746529e-02   -4.75701151e-54    4.00000000e-01    1.80000000e+00
5        5.00000000e-01    4.34967874e-01    1.20583060e-09    1.97074559e-07    8.60134242e-02    5.03347216e-01    4.62883545e-11    4.00415285e-08    5.39983989e-02    1.87572437e-09    6.30440246e-01    1.74635550e-10    3.58696087e-07    3.37613473e-01    7.55306392e-01    2.85483435e-10    2.89503103e-07    2.57986525e-01   -7.91745344e-02    7.16261961e-55    5.00000000e-01    1.80000000e+00
6        6.00000000e-01    4.34967874e-01    2.84179651e-09    4.68958922e-07    1.52704854e-01    5.03347216e-01    1.74339002e-10    2.06570428e-07    1.00083968e-01    1.27260211e-08    6.30440246e-01    1.43162630e-10    2.96699672e-07    2.85585442e-01    7.55306392e-01    2.29201109e-10    2.36656635e-07    2.12288932e-01   -7.91744693e-02   -5.02005578e-54    6.00000000e-01    1.80000000e+00
7        7.00000000e-01    4.34967874e-01    4.71414143e-09    7.37552472e-07    2.28251949e-01    5.03347216e-01    3.81046224e-10    4.84211020e-07    1.73314955e-01    4.70981190e-08    6.30440246e-01    1.13783300e-10    2.37148293e-07    2.35465663e-01    7.55306392e-01    1.74119566e-10    1.82055837e-07    1.67271375e-01   -7.91744754e-02    2.82061476e-54    7.00000000e-01    1.80000000e+00
8        8.00000000e-01    4.34967874e-01    6.64976989e-09    9.98065517e-07    3.06508024e-01    5.03347216e-01    6.11622296e-10    7.38157400e-07    2.53623668e-01    1.08561592e-07    6.30440246e-01    8.64894010e-11    1.80079480e-07    1.87383322e-01    7.55306392e-01    1.21438667e-10    1.25420038e-07    1.23831617e-01   -7.91745540e-02   -1.60048155e-54    8.00000000e-01    1.80000000e+00
9        9.00000000e-01    4.34967874e-01    8.61896446e-09    1.25935313e-06    3.87086670e-01    5.03347216e-01    8.45339020e-10    9.66574736e-07    3.33766944e-01    1.93887856e-07    6.30440246e-01    6.15196098e-11    1.25727986e-07    1.41889407e-01    7.55306392e-01    7.41410150e-11    7.07738956e-08    8.43984099e-02   -7.91747004e-02    4.13583494e-54    9.00000000e-01    1.80000000e+00
10       1.00000000e+00    4.34967874e-01    1.06126487e-08    1.52032497e-06    4.70331072e-01    5.03347216e-01    1.08226473e-09    1.19142853e-06    4.13729871e-01    3.01779190e-07    6.30440246e-01    3.95635074e-11    7.59645122e-08    1.00461459e-01    7.55306392e-01    3.71823154e-11    2.91716622e-08    5.32201641e-02   -7.91749113e-02   -1.28280408e-54    1.00000000e+00    1.80000000e+00
11       1.10000000e+00    4.34967874e-01    1.26224050e-08    1.77743590e-06    5.56516842e-01    5.03347216e-01    1.32593936e-09    1.41667438e-06    4.94363708e-01    4.32185972e-07    6.30440246e-01    2.18962726e-11    3.62479353e-08    6.59635765e-02    7.55306392e-01    1.44719136e-11    8.43239809e-09    3.38708335e-02   -7.91751829e-02    2.40379086e-54    1.10000000e+00    1.80000000e+00
12       1.20000000e+00    4.34967874e-01    1.46413705e-08    2.02755725e-06    6.45856623e-01    5.03347216e-01    1.58033447e-09    1.63922516e-06    5.76180909e-01    5.85015582e-07    6.30440246e-01    9.84130280e-12    1.26462183e-08    4.17242620e-02    7.55306392e-01    4.33484071e-12    1.97906248e-09    2.51812906e-02   -7.91755107e-02   -4.59311680e-54    1.20000000e+00    1.80000000e+00
13       1.30000000e+00    4.34967874e-01    1.66670469e-08    2.26837186e-06    7.38546681e-01    5.03347216e-01    1.85083221e-09    1.85526740e-06    6.59427944e-01    7.59805128e-07    6.30440246e-01    3.41851081e-12    3.34746941e-09    2.85474461e-02    7.55306392e-01    1.05477606e-12    4.43019722e-10    2.23622064e-02   -7.91758902e-02    1.14320088e-54    1.30000000e+00    1.80000000e+00
14       1.40000000e+00    4.34967874e-01    1.87050391e-08    2.49830285e-06    8.34788243e-01    5.03347216e-01    2.14604536e-09    2.06168599e-06    7.44230296e-01    9.55741610e-07    6.30440246e-01    9.04208042e-13    7.73542227e-10    2.33356211e-02    7.55306392e-01    2.25446901e-13    9.49343091e-11    2.16488445e-02   -7.91763179e-02   -2.22571920e-54    1.40000000e+00    1.80000000e+00
15       1.50000000e+00    4.34967874e-01    2.07760581e-08    2.71641815e-06    9.34795532e-01    5.03347216e-01    2.48057770e-09    2.25611061e-06    8.30667846e-01    1.17173840e-06    6.30440246e-01    1.90507042e-13    1.63184107e-10    2.18505201e-02    7.55306392e-01    4.50126554e-14    1.92527983e-11    2.14936093e-02   -7.91767907e-02    2.45842166e-54    1.50000000e+00    1.80000000e+00
16       1.60000000e+00    4.34967874e-01    2.29318541e-08    2.92233872e-06    1.03879924e+00    5.03347216e-01    2.87991207e-09    2.43676857e-06    9.18805812e-01    1.40650262e-06    6.30440246e-01    3.47459344e-14    3.07612662e-11    2.15260666e-02    7.55306392e-01    8.70044739e-15    3.75994869e-12    2.14623670e-02   -7.91773055e-02   -3.22326418e-54    1.60000000e+00    1.80000000e+00
17       1.70000000e+00    4.34967874e-01    2.52960417e-08    3.11611352e-06    1.14704875e+00    5.03347216e-01    3.38998842e-09    2.60237367e-06    1.00870621e+00    1.65858925e-06    6.30440246e-01    5.88848136e-15    5.32932841e-12    2.14659425e-02    7.55306392e-01    1.65719808e-15    7.19914048e-13    2.14563071e-02   -7.91778588e-02    4.56277533e-54    1.70000000e+00    1.80000000e+00
18       1.80000000e+00    4.34967874e-01    2.81816130e-08    3.29798191e-06    1.25981419e+00    5.03347216e-01    4.09737013e-09    2.75204581e-06    1.10043184e+00    1.92644572e-06    6.30440246e-01    9.65711509e-16    8.83295900e-13    2.14556856e-02    7.55306392e-01    3.13609443e-16    1.36565740e-13    2.14551511e-02   -7.91784472e-02    5.34552942e-50    1.80000000e+00    1.80000000e+00
End of Xyce(TM) Simulation
