Index       V(VI)       N(XM1:MSKY130_FD_PR__NFET_01V8_LVT:VTH) N(XM1:MSKY130_FD_PR__NFET_01V8_LVT:GDS) N(XM1:MSKY130_FD_PR__NFET_01V8_LVT:GM) N(XM1:MSKY130_FD_PR__NFET_01V8_LVT:VDSAT) N(XM2:MSKY130_FD_PR__NFET_01V8:VTH) N(XM2:MSKY130_FD_PR__NFET_01V8:GDS) N(XM2:MSKY130_FD_PR__NFET_01V8:GM) N(XM2:MSKY130_FD_PR__NFET_01V8:VDSAT) ID(XM2:MSKY130_FD_PR__NFET_01V8) N(XM4:MSKY130_FD_PR__PFET_01V8:VTH) N(XM4:MSKY130_FD_PR__PFET_01V8:GDS) N(XM4:MSKY130_FD_PR__PFET_01V8:GM) N(XM4:MSKY130_FD_PR__PFET_01V8:VDSAT) N(XM5:MSKY130_FD_PR__PFET_01V8_HVT:VTH) N(XM5:MSKY130_FD_PR__PFET_01V8_HVT:GDS) N(XM5:MSKY130_FD_PR__PFET_01V8_HVT:GM) N(XM5:MSKY130_FD_PR__PFET_01V8_HVT:VDSAT)      I(VDD)            I(VSIG)            V(VI)           V(SUPPLY)    
0        0.00000000e+00    5.09943607e-01    1.08351494e-13    1.19407563e-11    4.16237483e-02    6.22676343e-01    5.27993564e-15    1.00718465e-12    4.31875700e-02    1.84534390e-12    6.08949836e-01    1.50949232e-06    1.04373232e-04    1.05031336e+00    6.62580330e-01    9.08259559e-07    7.56523095e-05    8.67303824e-01   -7.93278670e-02    3.04476519e-55    0.00000000e+00    1.80000000e+00
1        1.00000000e-01    5.09943607e-01    2.03342328e-12    2.23664131e-10    4.16243167e-02    6.22676343e-01    9.13569116e-14    1.74142087e-11    4.31876288e-02    2.42159508e-12    6.08949836e-01    1.05573304e-06    8.98018596e-05    9.17436640e-01    6.62580330e-01    6.83610929e-07    6.64121989e-05    7.62662807e-01   -7.93012556e-02    0.00000000e+00    1.00000000e-01    1.80000000e+00
2        2.00000000e-01    5.09943607e-01    3.76054772e-11    4.09952517e-09    4.16348227e-02    6.22676343e-01    1.57238516e-12    2.98782216e-10    4.31886410e-02    1.23388482e-11    6.08949836e-01    7.51403268e-07    7.67334311e-05    7.97412311e-01    6.62580330e-01    5.11858729e-07    5.78239168e-05    6.66052947e-01   -7.92777017e-02   -1.38028419e-56    2.00000000e-01    1.80000000e+00
3        3.00000000e-01    5.09943607e-01    6.54413233e-10    6.89258846e-08    4.18169503e-02    6.22676343e-01    2.64851915e-11    4.96980168e-09    4.32056789e-02    1.79332153e-10    6.08949836e-01    5.37049209e-07    6.50108672e-05    6.88366637e-01    6.62580330e-01    3.78599151e-07    4.98415890e-05    5.76455204e-01   -7.92571064e-02   -3.08136931e-56    3.00000000e-01    1.80000000e+00
4        4.00000000e-01    5.09943607e-01    9.11680672e-09    8.85151022e-07    4.43060383e-02    6.22676343e-01    4.10496468e-10    7.38237871e-08    4.34687374e-02    2.77104474e-09    6.08949836e-01    3.81365179e-07    5.44762404e-05    5.88767590e-01    6.62580330e-01    2.74435389e-07    4.24244684e-05    4.92956349e-01   -7.92393679e-02    5.03302905e-56    4.00000000e-01    1.80000000e+00
5        5.00000000e-01    5.09943606e-01    7.18895552e-08    6.91127281e-06    6.23737104e-02    6.22676343e-01    4.88073227e-09    8.16601320e-07    4.65172709e-02    3.46471966e-08    6.08949836e-01    2.66314235e-07    4.49895332e-05    4.97350172e-01    6.62580330e-01    1.92955112e-07    3.55246977e-05    4.14711819e-01   -7.92245956e-02    9.77646884e-56    5.00000000e-01    1.80000000e+00
6        6.00000000e-01    5.09943603e-01    2.60099412e-07    2.63841035e-05    1.13407136e-01    6.22676341e-01    3.36337940e-08    5.93258874e-06    6.50526499e-02    3.02572854e-07    6.08949836e-01    1.80758781e-07    3.64249011e-05    4.13070511e-01    6.62580330e-01    1.29654799e-07    2.90608195e-05    3.40942992e-01   -7.92137871e-02   -7.95265300e-56    6.00000000e-01    1.80000000e+00
7        7.00000000e-01    5.09943600e-01    5.37825973e-07    5.13730551e-05    1.81997541e-01    6.22676338e-01    1.23024188e-07    2.32456706e-05    1.13905243e-01    1.65000443e-06    6.08949836e-01    1.17448829e-07    2.86579163e-05    3.35106421e-01    6.62580330e-01    8.13771134e-08    2.28821243e-05    2.71043655e-01   -7.92087013e-02    4.10419356e-56    7.00000000e-01    1.80000000e+00
8        8.00000000e-01    5.09943599e-01    8.41942772e-07    7.31343643e-05    2.49768651e-01    6.22676332e-01    2.81743032e-07    4.77685772e-05    1.81468575e-01    5.19660376e-06    6.08949836e-01    7.14895863e-08    2.15573848e-05    2.62956926e-01    6.62580330e-01    4.60227372e-08    1.67774457e-05    2.04970896e-01   -7.92102888e-02   -1.36199681e-56    8.00000000e-01    1.80000000e+00
9        9.00000000e-01    5.09943600e-01    1.15354690e-06    9.20697500e-05    3.12705414e-01    6.22676328e-01    4.95096713e-07    7.00931244e-05    2.50709855e-01    1.11200091e-05    6.08949836e-01    3.94915267e-08    1.50214755e-05    1.96747906e-01    6.62580330e-01    2.22451871e-08    1.07001068e-05    1.44156442e-01   -7.92182456e-02    6.25413114e-56    9.00000000e-01    1.80000000e+00
10       1.00000000e+00    5.09943602e-01    1.47104848e-06    1.08802815e-04    3.71222398e-01    6.22676327e-01    7.55079295e-07    8.91730539e-05    3.16129683e-01    1.91074784e-05    6.08949836e-01    1.89514265e-08    9.13722317e-06    1.37843403e-01    6.62580330e-01    8.65974110e-09    5.30221555e-06    9.26231073e-02   -7.92318390e-02    2.55435093e-56    1.00000000e+00    1.80000000e+00
11       1.10000000e+00    5.09943603e-01    1.79572495e-06    1.23317801e-04    4.26196468e-01    6.22676328e-01    1.06016693e-06    1.05602920e-04    3.77285644e-01    2.88669379e-05    6.08949836e-01    7.54112489e-09    4.41964474e-06    8.94237071e-02    6.62580330e-01    2.66579629e-09    1.82717008e-06    5.60032380e-02   -7.92502536e-02   -2.68744500e-57    1.10000000e+00    1.80000000e+00
12       1.20000000e+00    5.09943604e-01    2.12938073e-06    1.35577636e-04    4.78443732e-01    6.22676330e-01    1.41043242e-06    1.19591105e-04    4.34714509e-01    4.01463044e-05    6.08949836e-01    2.44773085e-09    1.55264443e-06    5.54722977e-02    6.62580330e-01    6.96650926e-10    4.52916972e-07    3.62729106e-02   -7.92725680e-02    6.88816783e-56    1.20000000e+00    1.80000000e+00
13       1.30000000e+00    5.09943605e-01    2.47432587e-06    1.45674174e-04    5.28709022e-01    6.22676332e-01    1.80611384e-06    1.31223607e-04    4.89054904e-01    5.27058278e-05    6.08949836e-01    6.74496734e-10    4.05159020e-07    3.69787334e-02    6.62580330e-01    1.67770284e-10    1.00161401e-07    2.85781831e-02   -7.92979133e-02    2.26209603e-56    1.30000000e+00    1.80000000e+00
14       1.40000000e+00    5.09943606e-01    2.83354865e-06    1.53797292e-04    5.77672226e-01    6.22676335e-01    2.24758301e-06    1.40625226e-04    5.40919624e-01    6.63157677e-05    6.08949836e-01    1.64822208e-10    9.28691420e-08    2.96213031e-02    6.62580330e-01    3.78132842e-11    2.21939350e-08    2.63164276e-02   -7.93256221e-02   -2.69524314e-56    1.40000000e+00    1.80000000e+00
15       1.50000000e+00    5.09943606e-01    3.21088361e-06    1.60184542e-04    6.25944699e-01    6.22676337e-01    2.73562038e-06    1.47973806e-04    5.90877344e-01    8.07616116e-05    6.08949836e-01    3.61245382e-11    2.04149824e-08    2.74577256e-02    6.62580330e-01    8.03636742e-12    4.78548564e-09    2.57678150e-02   -7.93551991e-02    4.56562766e-57    1.50000000e+00    1.80000000e+00
16       1.60000000e+00    5.09943607e-01    3.61121613e-06    1.65084901e-04    6.74066252e-01    6.22676339e-01    3.27172195e-06    1.53478424e-04    6.39446081e-01    9.58483696e-05    6.08949836e-01    7.26526990e-12    4.21122281e-09    2.69491560e-02    6.62580330e-01    1.64396311e-12    9.92467537e-10    2.56483766e-02   -7.93862298e-02    2.53608596e-56    1.60000000e+00    1.80000000e+00
17       1.70000000e+00    5.09943607e-01    4.04076738e-06    1.68736936e-04    7.22506267e-01    6.22676340e-01    3.85839599e-06    1.57357880e-04    6.87089548e-01    1.11402582e-04    6.08949836e-01    1.38780500e-12    8.19252137e-10    2.68444352e-02    6.62580330e-01    3.29552398e-13    2.00515576e-10    2.56237425e-02   -7.94183303e-02    9.81035998e-56    1.70000000e+00    1.80000000e+00
18       1.80000000e+00    5.09943607e-01    4.50750289e-06    1.71356991e-04    7.71668396e-01    6.22676341e-01    4.49946057e-06    1.59825717e-04    7.34216452e-01    1.27272495e-04    6.08949836e-01    2.58341325e-13    1.53954058e-10    2.68242671e-02    6.62580330e-01    6.54220046e-14    3.99591458e-11    2.56187892e-02   -7.94511538e-02   -1.88901450e-56    1.80000000e+00    1.80000000e+00
End of Xyce(TM) Simulation
