Index       V(VI)       N(XM1:MSKY130_FD_PR__NFET_01V8_LVT:VTH) N(XM1:MSKY130_FD_PR__NFET_01V8_LVT:GDS) N(XM1:MSKY130_FD_PR__NFET_01V8_LVT:GM) N(XM1:MSKY130_FD_PR__NFET_01V8_LVT:VDSAT) N(XM2:MSKY130_FD_PR__NFET_01V8:VTH) N(XM2:MSKY130_FD_PR__NFET_01V8:GDS) N(XM2:MSKY130_FD_PR__NFET_01V8:GM) N(XM2:MSKY130_FD_PR__NFET_01V8:VDSAT) ID(XM2:MSKY130_FD_PR__NFET_01V8) N(XM4:MSKY130_FD_PR__PFET_01V8:VTH) N(XM4:MSKY130_FD_PR__PFET_01V8:GDS) N(XM4:MSKY130_FD_PR__PFET_01V8:GM) N(XM4:MSKY130_FD_PR__PFET_01V8:VDSAT) N(XM5:MSKY130_FD_PR__PFET_01V8_HVT:VTH) N(XM5:MSKY130_FD_PR__PFET_01V8_HVT:GDS) N(XM5:MSKY130_FD_PR__PFET_01V8_HVT:GM) N(XM5:MSKY130_FD_PR__PFET_01V8_HVT:VDSAT)      I(VDD)            I(VSIG)            V(VI)           V(SUPPLY)    
0        0.00000000e+00    5.25068127e-01    1.41563442e-12    1.52351141e-10    4.16307253e-02    6.28820372e-01    1.11138258e-13    1.47742645e-11    4.01557285e-02    2.35762221e-12    6.23335118e-01    3.34085565e-05    1.13079010e-03    9.05823412e-01    6.94382487e-01    2.79464806e-05    1.19628821e-03    8.92354601e-01   -8.12427175e-02    4.54521896e-55    0.00000000e+00    1.80000000e+00
1        1.00000000e-01    5.25068127e-01    2.45647306e-11    2.64292281e-09    4.16311335e-02    6.28820372e-01    1.64196936e-12    2.19687540e-10    4.01557783e-02    9.95774108e-12    6.23335118e-01    2.61073121e-05    1.00657970e-03    8.00662131e-01    6.94382487e-01    2.08329187e-05    1.02362799e-03    7.64810141e-01   -8.09130208e-02    3.12096961e-56    1.00000000e-01    1.80000000e+00
2        2.00000000e-01    5.25068127e-01    4.21616566e-10    4.51104876e-08    4.16381450e-02    6.28820372e-01    2.41608922e-11    3.25023798e-09    4.01565158e-02    1.22627867e-10    6.23335118e-01    2.03745079e-05    8.87443269e-04    7.03437975e-01    6.94382487e-01    1.55304722e-05    8.70634705e-04    6.52144250e-01   -8.06148485e-02    6.08467967e-57    2.00000000e-01    1.80000000e+00
3        3.00000000e-01    5.25068127e-01    6.92380525e-09    7.22828502e-07    4.17530764e-02    6.28820372e-01    3.50182105e-10    4.71848938e-08    4.01673020e-02    1.77072227e-09    6.23335118e-01    1.57952238e-05    7.73408323e-04    6.13153020e-01    6.94382487e-01    1.14745276e-05    7.34333788e-04    5.51686879e-01   -8.03480733e-02    3.45100223e-57    3.00000000e-01    1.80000000e+00
4        4.00000000e-01    5.25068125e-01    9.66448578e-08    9.45338697e-06    4.33343048e-02    6.28820372e-01    4.80791952e-09    6.41168787e-07    4.03172113e-02    2.47554093e-08    6.23335118e-01    1.21007395e-05    6.64515298e-04    5.28968275e-01    6.94382487e-01    8.32514593e-06    6.12205140e-04    4.61292293e-01   -8.01128012e-02   -4.41808765e-56    4.00000000e-01    1.80000000e+00
5        5.00000000e-01    5.25068106e-01    8.56795243e-07    8.20502503e-05    5.63695640e-02    6.28820370e-01    5.59982925e-08    7.28556042e-06    4.20656521e-02    3.03738447e-07    6.23335118e-01    9.10787177e-06    5.60842750e-04    4.50174327e-01    6.94382487e-01    5.86484106e-06    5.01912163e-04    3.79197211e-01   -7.99116478e-02    1.50145710e-56    5.00000000e-01    1.80000000e+00
6        6.00000000e-01    5.25068037e-01    3.65889901e-06    3.69109993e-04    9.99694690e-02    6.28820356e-01    4.57803495e-07    6.20965602e-05    5.47241513e-02    2.93403155e-06    6.23335118e-01    6.68574663e-06    4.62416293e-04    3.76177744e-01    6.94382487e-01    3.94933328e-06    4.00781821e-04    3.03974706e-01   -7.97597622e-02   -2.37540758e-57    6.00000000e-01    1.80000000e+00
7        7.00000000e-01    5.25067961e-01    8.49224589e-06    7.76198413e-04    1.62947422e-01    6.28820291e-01    2.10430004e-06    3.01041302e-04    9.52518880e-02    1.91080058e-05    6.23335118e-01    4.73669694e-06    3.69032072e-04    3.06525577e-01    6.94382487e-01    2.48359104e-06    3.05389733e-04    2.34667975e-01   -7.96875650e-02    4.47030302e-57    7.00000000e-01    1.80000000e+00
8        8.00000000e-01    5.25067936e-01    1.42223089e-05    1.10099197e-03    2.23670738e-01    6.28820180e-01    5.24588533e-06    6.74049251e-04    1.54896096e-01    6.78692789e-05    6.23335118e-01    3.18554810e-06    2.80149646e-04    2.41028155e-01    6.94382487e-01    1.40940907e-06    2.12613051e-04    1.71269948e-01   -7.97131010e-02   -4.81785527e-56    8.00000000e-01    1.80000000e+00
9        9.00000000e-01    5.25067949e-01    2.03514092e-05    1.34953666e-03    2.77262558e-01    6.28820090e-01    9.19638346e-06    9.83695391e-04    2.13569360e-01    1.51532587e-04    6.23335118e-01    1.97606026e-06    1.95476217e-04    1.80103782e-01    6.94382487e-01    6.90664426e-07    1.24684485e-04    1.15606777e-01   -7.98286979e-02   -5.20752128e-57    9.00000000e-01    1.80000000e+00
10       1.00000000e+00    5.25067976e-01    2.67823461e-05    1.54700884e-03    3.24850263e-01    6.28820044e-01    1.36873076e-05    1.21756256e-03    2.65569774e-01    2.62099648e-04    6.23335118e-01    1.07547834e-06    1.17514023e-04    1.25461024e-01    6.94382487e-01    2.81613367e-07    5.50427362e-05    7.17411685e-02   -8.00179041e-02    4.57110615e-57    1.00000000e+00    1.80000000e+00
11       1.10000000e+00    5.25068007e-01    3.34902131e-05    1.70117276e-03    3.67969921e-01    6.28820032e-01    1.86726779e-05    1.40150785e-03    3.11609173e-01    3.93411250e-04    6.23335118e-01    4.77094787e-07    5.51269705e-05    8.07060813e-02    6.94382487e-01    9.55082361e-08    1.71529932e-05    4.35195770e-02   -8.02654493e-02    2.68645917e-56    1.10000000e+00    1.80000000e+00
12       1.20000000e+00    5.25068036e-01    4.04558329e-05    1.81642627e-03    4.07864536e-01    6.28820045e-01    2.41141986e-05    1.54605287e-03    3.53122415e-01    5.41092192e-04    6.23335118e-01    1.62511912e-07    1.85451657e-05    5.00564936e-02    6.94382487e-01    2.78037611e-08    4.20808313e-06    2.98569121e-02   -8.05569982e-02   -1.91316760e-56    1.20000000e+00    1.80000000e+00
13       1.30000000e+00    5.25068060e-01    4.76656274e-05    1.89784952e-03    4.45529423e-01    6.28820071e-01    2.99688825e-05    1.65634246e-03    3.91314634e-01    7.01473438e-04    6.23335118e-01    4.38743840e-08    4.70360533e-06    3.41473029e-02    6.94382487e-01    7.13704803e-09    9.81971639e-07    2.49554890e-02   -8.08804716e-02    2.46244715e-56    1.30000000e+00    1.80000000e+00
14       1.40000000e+00    5.25068080e-01    5.51165487e-05    1.95090472e-03    4.81771149e-01    6.28820106e-01    3.61996706e-05    1.73716536e-03    4.27153358e-01    8.71368161e-04    6.23335118e-01    1.02934227e-08    1.06343987e-06    2.82312912e-02    6.94382487e-01    1.66122463e-09    2.26378376e-07    2.35743118e-02   -8.12271003e-02   -1.62424746e-56    1.40000000e+00    1.80000000e+00
15       1.50000000e+00    5.25068095e-01    6.28182693e-05    1.98076239e-03    5.17242343e-01    6.28820144e-01    4.27810119e-05    1.79338784e-03    4.61424681e-01    1.04807475e-03    6.23335118e-01    2.17597735e-09    2.25961890e-07    2.66139434e-02    6.94382487e-01    3.63095836e-10    5.01683269e-08    2.32410926e-02   -8.15904935e-02    1.53781403e-56    1.50000000e+00    1.80000000e+00
16       1.60000000e+00    5.25068107e-01    7.07936089e-05    1.99196047e-03    5.52467252e-01    6.28820183e-01    4.97007740e-05    1.82955168e-03    4.94769549e-01    1.22936492e-03    6.23335118e-01    4.21934838e-10    4.44018506e-08    2.62581355e-02    6.94382487e-01    7.66883973e-11    1.07189534e-08    2.31672640e-02   -8.19651304e-02    7.87131518e-57    1.60000000e+00    1.80000000e+00
17       1.70000000e+00    5.25068115e-01    7.90784126e-05    1.98831782e-03    5.87863744e-01    6.28820221e-01    5.69605558e-05    1.84961622e-03    5.27709015e-01    1.41343648e-03    6.23335118e-01    7.75241831e-11    8.22750173e-09    2.61888906e-02    6.94382487e-01    1.59246395e-11    2.24027223e-09    2.31515861e-02   -8.23458779e-02    2.90909601e-56    1.70000000e+00    1.80000000e+00
18       1.80000000e+00    5.25068120e-01    8.77215457e-05    1.97297098e-03    6.23762638e-01    6.28820255e-01    6.45754678e-05    1.85689474e-03    5.60664940e-01    1.59885076e-03    6.23335118e-01    1.38626986e-11    1.47730475e-09    2.61761939e-02    6.94382487e-01    3.28044932e-12    4.62969046e-10    2.31483230e-02   -8.27284912e-02    2.22563285e-57    1.80000000e+00    1.80000000e+00
End of Xyce(TM) Simulation
