Index       V(VI)       N(XM1:MSKY130_FD_PR__NFET_01V8_LVT:VTH) N(XM1:MSKY130_FD_PR__NFET_01V8_LVT:GDS) N(XM1:MSKY130_FD_PR__NFET_01V8_LVT:GM) N(XM1:MSKY130_FD_PR__NFET_01V8_LVT:VDSAT) N(XM2:MSKY130_FD_PR__NFET_01V8:VTH) N(XM2:MSKY130_FD_PR__NFET_01V8:GDS) N(XM2:MSKY130_FD_PR__NFET_01V8:GM) N(XM2:MSKY130_FD_PR__NFET_01V8:VDSAT) ID(XM2:MSKY130_FD_PR__NFET_01V8) N(XM4:MSKY130_FD_PR__PFET_01V8:VTH) N(XM4:MSKY130_FD_PR__PFET_01V8:GDS) N(XM4:MSKY130_FD_PR__PFET_01V8:GM) N(XM4:MSKY130_FD_PR__PFET_01V8:VDSAT) N(XM5:MSKY130_FD_PR__PFET_01V8_HVT:VTH) N(XM5:MSKY130_FD_PR__PFET_01V8_HVT:GDS) N(XM5:MSKY130_FD_PR__PFET_01V8_HVT:GM) N(XM5:MSKY130_FD_PR__PFET_01V8_HVT:VDSAT)      I(VDD)            I(VSIG)            V(VI)           V(SUPPLY)    
0        0.00000000e+00    4.23042976e-01    1.26711219e-13    2.98177637e-11    3.55773429e-02    5.24720431e-01    2.25005784e-14    6.25883101e-12    3.77256235e-02    2.03782310e-12    7.46686843e-01    1.18686040e-07    4.20173594e-05    5.49931912e-01    7.93052723e-01    1.39946378e-07    4.29742585e-05    5.22212086e-01   -7.92698304e-02    1.48650799e-53    0.00000000e+00    1.80000000e+00
1        1.00000000e-01    4.23042976e-01    3.43236659e-12    8.02325490e-10    3.55801177e-02    5.24720431e-01    3.50937731e-13    9.74603652e-11    3.77260482e-02    5.36335127e-12    7.46686843e-01    1.06644948e-07    3.80781514e-05    4.92826482e-01    7.93052723e-01    1.23233741e-07    3.80419593e-05    4.57524290e-01   -7.92520680e-02    0.00000000e+00    1.00000000e-01    1.80000000e+00
2        2.00000000e-01    4.23042976e-01    8.79577228e-11    1.99311541e-08    3.56510541e-02    5.24720431e-01    5.42127764e-12    1.49636201e-09    3.77326043e-02    5.67098850e-11    7.46686843e-01    9.47577722e-08    3.41036969e-05    4.37369390e-01    7.93052723e-01    1.07085400e-07    3.34221300e-05    3.96112635e-01   -7.92364307e-02   -1.37391512e-54    2.00000000e-01    1.80000000e+00
3        3.00000000e-01    4.23042976e-01    1.76876978e-09    3.66756234e-07    3.70588212e-02    5.24720431e-01    8.07084139e-11    2.18237274e-08    3.78299527e-02    8.20847523e-10    7.46686843e-01    8.30111477e-08    3.01061143e-05    3.83491391e-01    7.93052723e-01    9.13431245e-08    2.90578252e-05    3.37397762e-01   -7.92228874e-02    2.04764793e-54    3.00000000e-01    1.80000000e+00
4        4.00000000e-01    4.23042976e-01    1.79818102e-08    3.81292959e-06    5.05050026e-02    5.24720431e-01    1.05178439e-09    2.74149477e-07    3.90855938e-02    1.09651890e-08    7.46686843e-01    7.14051888e-08    2.60971863e-05    3.31131871e-01    7.93052723e-01    7.58577245e-08    2.48289489e-05    2.80806398e-01   -7.92114929e-02   -4.40493152e-54    4.00000000e-01    1.80000000e+00
5        5.00000000e-01    4.23042976e-01    7.29875535e-08    1.80319845e-05    9.51609495e-02    5.24720431e-01    9.31728120e-09    2.67932793e-06    4.97743661e-02    1.18934277e-07    7.46686843e-01    5.99526337e-08    2.20849860e-05    2.80250366e-01    7.93052723e-01    6.05287206e-08    2.05088273e-05    2.25933048e-01   -7.92029209e-02    1.92627982e-54    5.00000000e-01    1.80000000e+00
6        6.00000000e-01    4.23042975e-01    1.58062495e-07    3.93792346e-05    1.62730247e-01    5.24720429e-01    4.13266155e-08    1.54756422e-05    9.12076701e-02    8.99734080e-07    7.46686843e-01    4.86850919e-08    1.80681865e-05    2.30863485e-01    7.93052723e-01    4.54322944e-08    1.57959499e-05    1.72977502e-01   -7.91986856e-02    2.77003582e-54    6.00000000e-01    1.80000000e+00
7        7.00000000e-01    4.23042975e-01    2.53265413e-07    6.06894006e-05    2.37568012e-01    5.24720424e-01    9.63909401e-08    3.83656896e-05    1.62794949e-01    3.57374355e-06    7.46686843e-01    3.76772100e-08    1.40328819e-05    1.83154553e-01    7.93052723e-01    3.10678477e-08    1.06155616e-05    1.23532339e-01   -7.92002040e-02    3.88309950e-55    7.00000000e-01    1.80000000e+00
8        8.00000000e-01    4.23042975e-01    3.51930158e-07    8.16929813e-05    3.15369799e-01    5.24720421e-01    1.57580171e-07    5.93076046e-05    2.43155829e-01    8.48765513e-06    7.46686843e-01    2.71143017e-08    9.98088347e-06    1.37765081e-01    7.93052723e-01    1.85608679e-08    5.67289656e-06    8.11655426e-02   -7.92076764e-02   -4.55281461e-54    8.00000000e-01    1.80000000e+00
9        9.00000000e-01    4.23042975e-01    4.52436297e-07    1.02526099e-04    3.95777961e-01    5.24720420e-01    2.18331553e-07    7.79535348e-05    3.24168912e-01    1.53598528e-05    7.46686843e-01    1.74342690e-08    6.06982089e-06    9.64022160e-02    7.93052723e-01    9.29813009e-09    2.23930799e-06    5.01555709e-02   -7.92205918e-02   -1.53368658e-54    9.00000000e-01    1.80000000e+00
10       1.00000000e+00    4.23042975e-01    5.53975442e-07    1.22902978e-04    4.78960560e-01    5.24720422e-01    2.78281240e-07    9.60370208e-05    4.05624845e-01    2.40613320e-05    7.46686843e-01    9.45645325e-09    2.84860821e-06    6.24048467e-02    7.93052723e-01    3.82909584e-09    6.74068740e-07    3.19769058e-02   -7.92384678e-02   -2.61648494e-54    1.00000000e+00    1.80000000e+00
11       1.10000000e+00    4.23042976e-01    6.55947169e-07    1.42478530e-04    5.65104107e-01    5.24720424e-01    3.37843722e-07    1.13821272e-04    4.88241001e-01    3.45570758e-05    7.46686843e-01    4.06044142e-09    9.64141679e-07    3.94218225e-02    7.93052723e-01    1.31646826e-09    1.80732258e-07    2.36547617e-02   -7.92608632e-02   -4.16507385e-57    1.10000000e+00    1.80000000e+00
12       1.20000000e+00    4.23042976e-01    7.58018093e-07    1.60966216e-04    6.54388572e-01    5.24720427e-01    3.97324129e-07    1.31093549e-04    5.72443052e-01    4.68077194e-05    7.46686843e-01    1.31077045e-09    2.53166718e-07    2.77056987e-02    7.93052723e-01    3.94309244e-10    4.86083946e-08    2.06048802e-02   -7.92873740e-02    1.39211263e-54    1.20000000e+00    1.80000000e+00
13       1.30000000e+00    4.23042976e-01    8.60298186e-07    1.78157235e-04    7.46999558e-01    5.24720429e-01    4.57056814e-07    1.47631338e-04    6.58440514e-01    6.07505299e-05    7.46686843e-01    3.10970194e-10    5.74842421e-08    2.34440336e-02    7.93052723e-01    1.07942109e-10    1.30566906e-08    1.96582420e-02   -7.93176627e-02   -5.90774828e-55    1.30000000e+00    1.80000000e+00
14       1.40000000e+00    4.23042976e-01    9.63651603e-07    1.93919989e-04    8.43134836e-01    5.24720430e-01    5.17628623e-07    1.63278838e-04    7.46353583e-01    7.63037550e-05    7.46686843e-01    5.66973253e-11    1.10371159e-08    2.23600232e-02    7.93052723e-01    2.80423997e-11    3.41675436e-09    1.93941586e-02   -7.93514369e-02   -3.31874669e-55    1.40000000e+00    1.80000000e+00
15       1.50000000e+00    4.23042976e-01    1.07032941e-06    2.08194568e-04    9.43007270e-01    5.24720431e-01    5.80151283e-07    1.77936022e-04    8.36273012e-01    9.33729575e-05    7.46686843e-01    8.77778417e-12    1.78990150e-09    2.21557256e-02    7.93052723e-01    7.08187221e-12    8.70680534e-10    1.93248830e-02   -7.93884066e-02   -5.51173066e-54    1.50000000e+00    1.80000000e+00
16       1.60000000e+00    4.23042976e-01    1.18541335e-06    2.20983228e-04    1.04684665e+00    5.24720431e-01    6.46720022e-07    1.91542500e-04    9.28282502e-01    1.11855771e-04    7.46686843e-01    1.25678464e-12    2.62245182e-10    2.21236607e-02    7.93052723e-01    1.76241282e-12    2.17975070e-10    1.93073021e-02   -7.94282648e-02    3.29207238e-54    1.60000000e+00    1.80000000e+00
17       1.70000000e+00    4.23042976e-01    1.32046867e-06    2.32335498e-04    1.15490136e+00    5.24720431e-01    7.21336309e-07    2.04066803e-04    1.02246632e+00    1.31645314e-04    7.46686843e-01    1.74243177e-13    3.67038396e-11    2.21190454e-02    7.93052723e-01    4.35347738e-13    5.40239209e-11    1.93029161e-02   -7.94706997e-02   -3.54094135e-54    1.70000000e+00    1.80000000e+00
18       1.80000000e+00    4.23042976e-01    1.50389578e-06    2.42322643e-04    1.26744021e+00    5.24720431e-01    8.11947662e-07    2.15498180e-04    1.11891182e+00    1.52632676e-04    7.46686843e-01    2.38598297e-14    5.04428350e-12    2.21184043e-02    7.93052723e-01    1.07138630e-13    1.33185437e-11    1.93018314e-02   -7.95154223e-02    2.45842194e-54    1.80000000e+00    1.80000000e+00
End of Xyce(TM) Simulation
