Index       V(VI)       N(XM1:MSKY130_FD_PR__NFET_01V8_LVT:VTH) N(XM1:MSKY130_FD_PR__NFET_01V8_LVT:GDS) N(XM1:MSKY130_FD_PR__NFET_01V8_LVT:GM) N(XM1:MSKY130_FD_PR__NFET_01V8_LVT:VDSAT) N(XM2:MSKY130_FD_PR__NFET_01V8:VTH) N(XM2:MSKY130_FD_PR__NFET_01V8:GDS) N(XM2:MSKY130_FD_PR__NFET_01V8:GM) N(XM2:MSKY130_FD_PR__NFET_01V8:VDSAT) ID(XM2:MSKY130_FD_PR__NFET_01V8) N(XM4:MSKY130_FD_PR__PFET_01V8:VTH) N(XM4:MSKY130_FD_PR__PFET_01V8:GDS) N(XM4:MSKY130_FD_PR__PFET_01V8:GM) N(XM4:MSKY130_FD_PR__PFET_01V8:VDSAT) N(XM5:MSKY130_FD_PR__PFET_01V8_HVT:VTH) N(XM5:MSKY130_FD_PR__PFET_01V8_HVT:GDS) N(XM5:MSKY130_FD_PR__PFET_01V8_HVT:GM) N(XM5:MSKY130_FD_PR__PFET_01V8_HVT:VDSAT)      I(VDD)            I(VSIG)            V(VI)           V(SUPPLY)    
0        0.00000000e+00    4.81491744e-01    2.18313110e-13    2.53715152e-11    3.86807983e-02    5.85427423e-01    1.37898476e-14    2.89426218e-12    4.01834818e-02    1.91421296e-12    6.63528513e-01    8.67607567e-07    1.09745485e-04    7.63109907e-01    7.42255641e-01    5.52314956e-07    8.55026264e-05    6.20099769e-01   -7.93822440e-02    5.57469027e-55    0.00000000e+00    1.80000000e+00
1        1.00000000e-01    4.81491744e-01    4.72279249e-12    5.47253196e-10    3.86816086e-02    5.85427423e-01    2.21804271e-13    4.65140954e-11    4.01835831e-02    3.48622758e-12    6.63528512e-01    6.62465041e-07    9.71831231e-05    6.76347462e-01    7.42255641e-01    4.27237904e-07    7.56752892e-05    5.50874127e-01   -7.93454158e-02    0.00000000e+00    1.00000000e-01    1.80000000e+00
2        2.00000000e-01    4.81491744e-01    9.99780223e-11    1.14324483e-08    3.86987437e-02    5.85427423e-01    3.54965168e-12    7.41933864e-10    4.01852039e-02    2.86363389e-11    6.63528512e-01    5.01860991e-07    8.52251614e-05    5.95100594e-01    7.42255641e-01    3.25602936e-07    6.62620710e-05    4.84835568e-01   -7.93128194e-02   -6.63950757e-56    2.00000000e-01    1.80000000e+00
3        3.00000000e-01    4.81491744e-01    1.92586748e-09    2.09363636e-07    3.90269604e-02    5.85427423e-01    5.56847178e-11    1.14960178e-08    4.02105942e-02    4.22835861e-10    6.63528512e-01    3.75108506e-07    7.38469480e-05    5.18817365e-01    7.42255641e-01    2.43121093e-07    5.72628581e-05    4.21717517e-01   -7.92843882e-02   -9.87339582e-56    3.00000000e-01    1.80000000e+00
4        4.00000000e-01    4.81491744e-01    2.64622493e-08    2.60916023e-06    4.34141001e-02    5.85427423e-01    8.10083039e-10    1.61165946e-07    4.05776964e-02    6.16690558e-09    6.63528512e-01    2.74856164e-07    6.30343742e-05    4.47020458e-01    7.42255641e-01    1.76532102e-07    4.86756643e-05    3.61256472e-01   -7.92600610e-02   -1.66760119e-55    4.00000000e-01    1.80000000e+00
5        5.00000000e-01    4.81491741e-01    1.73585817e-07    1.74401460e-05    6.91537710e-02    5.85427423e-01    9.22129833e-09    1.78064295e-06    4.46334939e-02    7.51931007e-08    6.63528512e-01    1.95856546e-07    5.27786456e-05    3.79300292e-01    7.42255641e-01    1.23312424e-07    4.04810137e-05    3.03187334e-01   -7.92403165e-02    3.09646760e-56    5.00000000e-01    1.80000000e+00
6        6.00000000e-01    4.81491735e-01    5.13359952e-07    5.29417134e-05    1.26022391e-01    5.85427421e-01    6.08760265e-08    1.35297783e-05    6.81709002e-02    6.80028605e-07    6.63528512e-01    1.34246504e-07    4.30665607e-05    3.15321892e-01    7.42255641e-01    8.15053979e-08    3.26112146e-05    2.47272379e-01   -7.92272201e-02   -4.00688249e-56    6.00000000e-01    1.80000000e+00
7        7.00000000e-01    4.81491731e-01    9.44384127e-07    9.17121920e-05    1.94315206e-01    5.85427415e-01    2.06653048e-07    4.85955535e-05    1.24821823e-01    3.62289723e-06    6.63528512e-01    8.71177061e-08    3.38674407e-05    2.54869514e-01    7.42255641e-01    4.96465342e-08    2.49178364e-05    1.93448967e-01   -7.92235842e-02   -8.24999794e-56    7.00000000e-01    1.80000000e+00
8        8.00000000e-01    4.81491730e-01    1.39175624e-06    1.26596476e-04    2.61580045e-01    5.85427408e-01    4.40919960e-07    8.94309277e-05    1.96500868e-01    1.05686936e-05    6.63528512e-01    5.22577788e-08    2.51334893e-05    1.97992229e-01    7.42255641e-01    2.67280798e-08    1.72404073e-05    1.42294065e-01   -7.92306336e-02    1.87804571e-55    8.00000000e-01    1.80000000e+00
9        9.00000000e-01    4.81491732e-01    1.83995138e-06    1.58716000e-04    3.25814226e-01    5.85427403e-01    7.38519961e-07    1.24050494e-04    2.67535936e-01    2.12892280e-05    6.63528512e-01    2.79603541e-08    1.68843221e-05    1.45378709e-01    7.42255641e-01    1.19969623e-08    9.84216346e-06    9.60152859e-02   -7.92475556e-02    1.65343972e-56    9.00000000e-01    1.80000000e+00
10       1.00000000e+00    4.81491735e-01    2.28917343e-06    1.88279589e-04    3.87324854e-01    5.85427403e-01    1.09347771e-06    1.54605658e-04    3.35049728e-01    3.52471630e-05    6.63528513e-01    1.27346756e-08    9.50634301e-06    9.90439052e-02    7.42255641e-01    4.25901483e-09    4.03548019e-06    5.92315700e-02   -7.92732319e-02    7.79905443e-56    1.00000000e+00    1.80000000e+00
11       1.10000000e+00    4.81491738e-01    2.74280784e-06    2.15029343e-04    4.46669941e-01    5.85427405e-01    1.50940641e-06    1.82409328e-04    3.99503230e-01    5.21198283e-05    6.63528513e-01    4.74495016e-09    4.02796681e-06    6.26654715e-02    7.42255641e-01    1.20272380e-09    1.09986258e-06    3.64951374e-02   -7.93065544e-02    7.65301624e-56    1.10000000e+00    1.80000000e+00
12       1.20000000e+00    4.81491740e-01    3.20598567e-06    2.38867198e-04    5.04435593e-01    5.85427408e-01    1.99171839e-06    2.07446998e-04    4.61537890e-01    7.16360888e-05    6.63528513e-01    1.44498491e-09    1.21018824e-06    3.95271044e-02    7.42255641e-01    2.85759552e-10    2.32696551e-07    2.66760482e-02   -7.93463486e-02   -1.20935832e-55    1.20000000e+00    1.80000000e+00
13       1.30000000e+00    4.81491742e-01    3.68571027e-06    2.59925330e-04    5.61222249e-01    5.85427411e-01    2.54618583e-06    2.29541819e-04    5.21662476e-01    9.35098673e-05    6.63528513e-01    3.66312175e-10    2.83918989e-07    2.86508483e-02    7.42255641e-01    5.91165590e-11    4.65317992e-08    2.37485736e-02   -7.93915870e-02    1.67494541e-57    1.30000000e+00    1.80000000e+00
14       1.40000000e+00    4.81491743e-01    4.19119177e-06    2.78493982e-04    6.17630409e-01    5.85427415e-01    3.17933607e-06    2.48663183e-04    5.80317259e-01    1.17444081e-04    6.63528513e-01    7.68322322e-11    5.93854746e-08    2.50703900e-02    7.42255641e-01    1.10126598e-11    8.82690060e-09    2.30890460e-02   -7.94414697e-02    3.06641668e-56    1.40000000e+00    1.80000000e+00
15       1.50000000e+00    4.81491744e-01    4.73442458e-06    2.94946020e-04    6.74244119e-01    5.85427418e-01    3.89917353e-06    2.64921555e-04    6.37914983e-01    1.43146006e-04    6.63528513e-01    1.36123059e-11    1.10028868e-08    2.42304109e-02    7.42255641e-01    1.92977623e-12    1.57515618e-09    2.29628171e-02   -7.94953211e-02   -6.71252714e-56    1.50000000e+00    1.80000000e+00
16       1.60000000e+00    4.81491744e-01    5.33117793e-06    3.09681927e-04    7.31619306e-01    5.85427420e-01    4.71600178e-06    2.78515554e-04    6.94850645e-01    1.70338763e-04    6.63528513e-01    2.16901586e-12    1.81296270e-09    2.40757885e-02    7.42255641e-01    3.28331801e-13    2.70614425e-10    2.29405036e-02   -7.95525168e-02    6.52356021e-56    1.60000000e+00    1.80000000e+00
17       1.70000000e+00    4.81491744e-01    6.00262812e-06    3.23093664e-04    7.90278337e-01    5.85427421e-01    5.64340519e-06    2.89688720e-04    7.51499908e-01    1.98767851e-04    6.63528513e-01    3.28338507e-13    2.78925309e-10    2.40508407e-02    7.42255641e-01    5.51448339e-14    4.56506319e-11    2.29366955e-02   -7.96125055e-02    3.16087192e-56    1.70000000e+00    1.80000000e+00
18       1.80000000e+00    4.81491744e-01    6.77801122e-06    3.35542099e-04    8.50709560e-01    5.85427422e-01    6.69951330e-06    2.98699737e-04    8.08215655e-01    2.28204073e-04    6.63528513e-01    4.86387473e-14    4.15993176e-11    2.40470479e-02    7.42255641e-01    9.21164084e-15    7.63988835e-12    2.29360551e-02   -7.96748517e-02   -1.62336696e-56    1.80000000e+00    1.80000000e+00
End of Xyce(TM) Simulation
