Index       V(VI)       N(XM1:MSKY130_FD_PR__NFET_01V8_LVT:VTH) N(XM1:MSKY130_FD_PR__NFET_01V8_LVT:GDS) N(XM1:MSKY130_FD_PR__NFET_01V8_LVT:GM) N(XM1:MSKY130_FD_PR__NFET_01V8_LVT:VDSAT) N(XM2:MSKY130_FD_PR__NFET_01V8:VTH) N(XM2:MSKY130_FD_PR__NFET_01V8:GDS) N(XM2:MSKY130_FD_PR__NFET_01V8:GM) N(XM2:MSKY130_FD_PR__NFET_01V8:VDSAT) ID(XM2:MSKY130_FD_PR__NFET_01V8) N(XM4:MSKY130_FD_PR__PFET_01V8:VTH) N(XM4:MSKY130_FD_PR__PFET_01V8:GDS) N(XM4:MSKY130_FD_PR__PFET_01V8:GM) N(XM4:MSKY130_FD_PR__PFET_01V8:VDSAT) N(XM5:MSKY130_FD_PR__PFET_01V8_HVT:VTH) N(XM5:MSKY130_FD_PR__PFET_01V8_HVT:GDS) N(XM5:MSKY130_FD_PR__PFET_01V8_HVT:GM) N(XM5:MSKY130_FD_PR__PFET_01V8_HVT:VDSAT)      I(VDD)            I(VSIG)            V(VI)           V(SUPPLY)    
0        0.00000000e+00    4.73787815e-01    5.54583864e-12    7.49163241e-10    3.76097594e-02    5.52513312e-01    5.66265655e-13    1.39272218e-10    3.96490620e-02    6.90232571e-12    7.05387196e-01    2.00926258e-05    2.73051566e-03    7.04029992e-01    7.84398060e-01    1.59557327e-05    2.48609881e-03    5.71169372e-01   -8.51547334e-02    4.16991377e-55    0.00000000e+00    1.80000000e+00
1        1.00000000e-01    4.73787815e-01    1.23038839e-10    1.65682013e-08    3.76106633e-02    5.52513312e-01    8.73071184e-12    2.14518817e-09    3.96492358e-02    8.03239899e-11    7.05387196e-01    1.55250949e-05    2.43108567e-03    6.23749219e-01    7.84398060e-01    1.20350006e-05    2.11995911e-03    4.89255226e-01   -8.40900466e-02    8.58064844e-56    1.00000000e-01    1.80000000e+00
2        2.00000000e-01    4.73787815e-01    2.66559997e-09    3.53824213e-07    3.76302233e-02    5.52513312e-01    1.33833321e-10    3.27596472e-08    3.96518985e-02    1.20541413e-09    7.05387196e-01    1.18615995e-05    2.14255765e-03    5.48113042e-01    7.84398060e-01    8.94695908e-06    1.80041357e-03    4.15122371e-01   -8.31465846e-02    5.36400579e-56    2.00000000e-01    1.80000000e+00
3        3.00000000e-01    4.73787815e-01    5.20399526e-08    6.54797588e-06    3.80097375e-02    5.52513312e-01    2.00619829e-09    4.84512993e-07    3.96917468e-02    1.80578533e-08    7.05387196e-01    8.91241077e-06    1.86457581e-03    4.76688088e-01    7.84398060e-01    6.49263646e-06    1.51814152e-03    3.47362335e-01   -8.23228194e-02    1.90683301e-56    3.00000000e-01    1.80000000e+00
4        4.00000000e-01    4.73787804e-01    7.03163043e-07    8.13655036e-05    4.29819052e-02    5.52513311e-01    2.76963799e-08    6.46167334e-06    4.02378455e-02    2.51859781e-07    7.05387196e-01    6.54140634e-06    1.59696938e-03    4.09088621e-01    7.84398060e-01    4.53733906e-06    1.26303053e-03    2.84763658e-01   -8.16179096e-02   -2.52950816e-56    4.00000000e-01    1.80000000e+00
5        5.00000000e-01    4.73787732e-01    4.39123655e-06    5.42378289e-04    7.03987485e-02    5.52513301e-01    2.94958838e-07    6.96998354e-05    4.58486838e-02    2.96255719e-06    7.05387196e-01    4.64806820e-06    1.33952135e-03    3.44974110e-01    7.84398060e-01    2.99234148e-06    1.02187692e-03    2.26395278e-01   -8.10488254e-02   -6.64814446e-57    5.00000000e-01    1.80000000e+00
6        6.00000000e-01    4.73787571e-01    1.24807768e-05    1.59839788e-03    1.27303574e-01    5.52513225e-01    1.79976164e-06    5.21475789e-04    7.52884889e-02    2.65672817e-05    7.05387196e-01    3.15662315e-06    1.09152789e-03    2.84068155e-01    7.84398060e-01    1.80656994e-06    7.78609103e-04    1.71924471e-01   -8.06839552e-02   -5.34065005e-56    6.00000000e-01    1.80000000e+00
7        7.00000000e-01    4.73787449e-01    2.25808153e-05    2.71703794e-03    1.93504372e-01    5.52513002e-01    5.67210593e-06    1.67400459e-03    1.38490558e-01    1.33093462e-04    7.05387196e-01    2.00967550e-06    8.51291265e-04    2.26241828e-01    7.84398060e-01    9.57794680e-07    5.24950018e-04    1.22251529e-01   -8.06142278e-02    6.29326923e-56    7.00000000e-01    1.80000000e+00
8        8.00000000e-01    4.73787426e-01    3.31526290e-05    3.71671230e-03    2.58030299e-01    5.52512767e-01    1.14176229e-05    2.76588663e-03    2.11369136e-01    3.57908927e-04    7.05387196e-01    1.16443860e-06    6.16760641e-04    1.71764732e-01    7.84398060e-01    4.27239093e-07    2.84716436e-04    8.00778967e-02   -8.08614918e-02   -7.94648130e-56    8.00000000e-01    1.80000000e+00
9        9.00000000e-01    4.73787472e-01    4.39202140e-05    4.62777238e-03    3.19383895e-01    5.52512646e-01    1.83413629e-05    3.59264647e-03    2.79898654e-01    6.77281647e-04    7.05387196e-01    5.88207235e-07    3.91198391e-04    1.21881517e-01    7.84398060e-01    1.58265744e-07    1.13271836e-04    4.90302295e-02   -8.13807186e-02    2.65670246e-56    9.00000000e-01    1.80000000e+00
10       1.00000000e+00    4.73787547e-01    5.49230655e-05    5.45417467e-03    3.77989635e-01    5.52512631e-01    2.63506773e-05    4.30779411e-03    3.43451163e-01    1.07290698e-03    7.05387196e-01    2.46417802e-07    1.96354722e-04    7.95851733e-02    7.84398060e-01    5.08568448e-08    3.31079548e-05    3.05744780e-02   -8.21288851e-02    2.33918866e-56    1.00000000e+00    1.80000000e+00
11       1.10000000e+00    4.73787625e-01    6.62688189e-05    6.19102442e-03    4.34481816e-01    5.52512689e-01    3.55552134e-05    4.95724212e-03    4.03381670e-01    1.53668569e-03    7.05387196e-01    8.32348993e-08    6.98478059e-05    4.91447056e-02    7.84398060e-01    1.50429108e-08    8.29411786e-06    2.20338411e-02   -8.30713442e-02    2.11767265e-56    1.10000000e+00    1.80000000e+00
12       1.20000000e+00    4.73787691e-01    7.81080016e-05    6.83975653e-03    4.89523864e-01    5.52512786e-01    4.60731757e-05    5.53902184e-03    4.60604985e-01    2.06207405e-03    7.05387196e-01    2.30533259e-08    1.77254818e-05    3.24650725e-02    7.84398060e-01    4.18090040e-09    2.09375348e-06    1.89054984e-02   -8.41772196e-02   -3.20875198e-57    1.20000000e+00    1.80000000e+00
13       1.30000000e+00    4.73787741e-01    9.06399465e-05    7.40850832e-03    5.43787253e-01    5.52512896e-01    5.80106832e-05    6.04844488e-03    5.15688448e-01    2.64203946e-03    7.05387197e-01    5.35635120e-09    3.82300118e-06    2.60335410e-02    7.84398060e-01    1.09755817e-09    5.39477544e-07    1.79469762e-02   -8.54210129e-02    1.64506150e-56    1.30000000e+00    1.80000000e+00
14       1.40000000e+00    4.73787774e-01    1.04124672e-04    7.90934638e-03    5.97931611e-01    5.52513001e-01    7.14751898e-05    6.48561354e-03    5.69050596e-01    3.26931659e-03    7.05387197e-01    1.06409165e-09    7.67010179e-07    2.42807747e-02    7.84398060e-01    2.76023271e-10    1.36737399e-07    1.76853609e-02   -8.67830021e-02    5.30778281e-56    1.40000000e+00    1.80000000e+00
15       1.50000000e+00    4.73787795e-01    1.18902255e-04    8.35587251e-03    6.52587702e-01    5.52513092e-01    8.65894887e-05    6.85409845e-03    6.21046667e-01    3.93683961e-03    7.05387197e-01    1.89461265e-10    1.40682256e-07    2.39117969e-02    7.84398060e-01    6.76023790e-11    3.38083878e-08    1.76185512e-02   -8.82464998e-02   -2.58053469e-56    1.50000000e+00    1.80000000e+00
16       1.60000000e+00    4.73787806e-01    1.35424146e-04    8.76166400e-03    7.08348119e-01    5.52513165e-01    1.03503597e-04    7.15917347e-03    6.71996096e-01    4.63799578e-03    7.05387197e-01    3.18125333e-11    2.40689774e-08    2.38448350e-02    7.84398060e-01    1.63176655e-11    8.21115413e-09    1.76020842e-02   -8.97958696e-02    8.11349926e-57    1.60000000e+00    1.80000000e+00
17       1.70000000e+00    4.73787812e-01    1.54303064e-04    9.13937417e-03    7.65765183e-01    5.52513220e-01    1.22406355e-04    7.40674471e-03    7.22189878e-01    5.36673713e-03    7.05387197e-01    5.20063633e-12    3.96965556e-09    2.38335176e-02    7.84398060e-01    3.90916604e-12    1.97382815e-09    1.75980983e-02   -9.14170296e-02   -6.06859310e-56    1.70000000e+00    1.80000000e+00
18       1.80000000e+00    4.73787814e-01    1.76392853e-04    9.50025775e-03    8.25353852e-01    5.52513257e-01    1.43538511e-04    7.60277634e-03    7.71892425e-01    6.11761225e-03    7.05387197e-01    8.40617814e-13    6.44067017e-10    2.38316630e-02    7.84398060e-01    9.32971976e-13    4.71907315e-10    1.75971422e-02   -9.30991371e-02   -1.20593163e-55    1.80000000e+00    1.80000000e+00
End of Xyce(TM) Simulation
