Index       V(VI)       N(XM1:MSKY130_FD_PR__NFET_01V8_LVT:VTH) N(XM1:MSKY130_FD_PR__NFET_01V8_LVT:GDS) N(XM1:MSKY130_FD_PR__NFET_01V8_LVT:GM) N(XM1:MSKY130_FD_PR__NFET_01V8_LVT:VDSAT) N(XM2:MSKY130_FD_PR__NFET_01V8:VTH) N(XM2:MSKY130_FD_PR__NFET_01V8:GDS) N(XM2:MSKY130_FD_PR__NFET_01V8:GM) N(XM2:MSKY130_FD_PR__NFET_01V8:VDSAT) ID(XM2:MSKY130_FD_PR__NFET_01V8) N(XM4:MSKY130_FD_PR__PFET_01V8:VTH) N(XM4:MSKY130_FD_PR__PFET_01V8:GDS) N(XM4:MSKY130_FD_PR__PFET_01V8:GM) N(XM4:MSKY130_FD_PR__PFET_01V8:VDSAT) N(XM5:MSKY130_FD_PR__PFET_01V8_HVT:VTH) N(XM5:MSKY130_FD_PR__PFET_01V8_HVT:GDS) N(XM5:MSKY130_FD_PR__PFET_01V8_HVT:GM) N(XM5:MSKY130_FD_PR__PFET_01V8_HVT:VDSAT)      I(VDD)            I(VSIG)            V(VI)           V(SUPPLY)    
0        0.00000000e+00    4.34937842e-01    1.00451047e-14    1.86332985e-12    3.67625048e-02    5.26466430e-01    1.58811495e-15    4.44134122e-13    3.76724683e-02    1.82619040e-12    7.31812670e-01    8.99070791e-10    3.14650015e-06    5.70532141e-01    7.78392260e-01    8.95544922e-09    3.29763681e-06    5.32753533e-01   -7.91810376e-02    2.20785247e-53    0.00000000e+00    1.80000000e+00
1        1.00000000e-01    4.34937842e-01    2.68282392e-13    4.94761345e-11    3.67646294e-02    5.26466430e-01    2.46706527e-14    6.88852237e-12    3.76728767e-02    2.06151280e-12    7.31812670e-01    7.57569016e-10    2.85956381e-06    5.12800778e-01    7.78392260e-01    7.86484679e-09    2.89823333e-06    4.66631064e-01   -7.91797750e-02    0.00000000e+00    1.00000000e-01    1.80000000e+00
2        2.00000000e-01    4.34937842e-01    6.82964611e-12    1.22532530e-09    3.68186009e-02    5.26466430e-01    3.79676473e-13    1.05379422e-10    3.76791578e-02    5.68126074e-12    7.31812670e-01    6.35399733e-10    2.56947651e-06    4.56546279e-01    7.78392260e-01    6.82585864e-09    2.52714770e-06    4.04387190e-01   -7.91786602e-02    2.67276471e-51    2.00000000e-01    1.80000000e+00
3        3.00000000e-01    4.34937842e-01    1.40571393e-10    2.30793902e-08    3.79169604e-02    5.26466430e-01    5.63633788e-12    1.53321020e-09    3.77721632e-02    5.93954341e-11    7.31812670e-01    5.28501572e-10    2.27706877e-06    4.01707027e-01    7.78392260e-01    5.82795426e-09    2.18101242e-06    3.45450738e-01   -7.91776911e-02    4.20960442e-50    3.00000000e-01    1.80000000e+00
4        4.00000000e-01    4.34937842e-01    1.54206100e-09    2.45336956e-07    4.93338093e-02    5.26466430e-01    7.34869747e-11    1.92704507e-08    3.89726449e-02    7.72156982e-10    7.31812670e-01    4.33903651e-10    1.98309506e-06    3.48224531e-01    7.78392260e-01    4.86155595e-09    1.85402237e-06    2.89246418e-01   -7.91768709e-02   -4.06259350e-57    4.00000000e-01    1.80000000e+00
5        5.00000000e-01    4.34937842e-01    6.79858294e-09    1.22946952e-06    9.13815107e-02    5.26466430e-01    6.56314129e-10    1.89111795e-07    4.92856076e-02    8.37875987e-09    7.31812670e-01    3.49415826e-10    1.68790277e-06    2.96053450e-01    7.78392260e-01    3.91875108e-09    1.53506090e-06    2.35268033e-01   -7.91762450e-02    1.20189510e-54    5.00000000e-01    1.80000000e+00
6        6.00000000e-01    4.34937842e-01    1.54296573e-08    2.82073227e-06    1.59151564e-01    5.26466430e-01    2.95148430e-09    1.11006274e-06    8.99340347e-02    6.40091563e-08    7.31812670e-01    2.73457209e-10    1.39087864e-06    2.45198605e-01    7.78392260e-01    2.99780953e-09    1.20631200e-06    1.83342186e-01   -7.91759271e-02    2.04347289e-55    6.00000000e-01    1.80000000e+00
7        7.00000000e-01    4.34937842e-01    2.52333320e-08    4.42018934e-06    2.35588517e-01    5.26466430e-01    6.95338246e-09    2.79314359e-06    1.61104445e-01    2.57630613e-07    7.31812670e-01    2.05035688e-10    1.09013427e-06    1.95828534e-01    7.78392260e-01    2.11458776e-09    8.53015481e-07    1.34241436e-01   -7.91760271e-02    1.04811496e-54    7.00000000e-01    1.80000000e+00
8        8.00000000e-01    4.34937842e-01    3.53739178e-08    5.98052821e-06    3.15171286e-01    5.26466430e-01    1.14229712e-08    4.34130762e-06    2.41375924e-01    6.16613966e-07    7.31812670e-01    1.43948567e-10    7.84851980e-07    1.48571408e-01    7.78392260e-01    1.31879384e-09    4.96448537e-07    9.05246858e-02   -7.91765627e-02   -2.04367483e-54    8.00000000e-01    1.80000000e+00
9        9.00000000e-01    4.34937842e-01    4.56494453e-08    7.52000578e-06    3.97286483e-01    5.26466430e-01    1.58643139e-08    5.71624737e-06    3.22333618e-01    1.12018727e-06    7.31812670e-01    9.12474215e-11    4.86129333e-07    1.05106313e-01    7.78392260e-01    6.92138975e-10    2.15032495e-07    5.63967007e-02   -7.91774997e-02   -1.87978619e-54    9.00000000e-01    1.80000000e+00
10       1.00000000e+00    4.34937842e-01    5.59672093e-08    9.02214994e-06    4.82062350e-01    5.26466430e-01    2.02480397e-08    7.04907067e-06    4.03712074e-01    1.75859091e-06    7.31812670e-01    4.95361692e-11    2.34297769e-07    6.87258621e-02    7.78392260e-01    2.94748050e-10    6.76155672e-08    3.48660128e-02   -7.91788053e-02    2.24571656e-55    1.00000000e+00    1.80000000e+00
11       1.10000000e+00    4.34937842e-01    6.62556471e-08    1.04636641e-05    5.69670149e-01    5.26466430e-01    2.46054038e-08    8.36112234e-06    4.86238757e-01    2.52929599e-06    7.31812670e-01    2.16343735e-11    8.05788147e-08    4.33096378e-02    7.78392260e-01    1.01983844e-10    1.76014185e-08    2.44477845e-02   -7.91804466e-02   -3.76956687e-54    1.10000000e+00    1.80000000e+00
12       1.20000000e+00    4.34937842e-01    7.64635604e-08    1.18249239e-05    6.60273217e-01    5.26466430e-01    2.89596553e-08    9.63705247e-06    5.70349900e-01    3.42955267e-06    7.31812670e-01    7.23542768e-12    2.06339178e-08    2.98270914e-02    7.78392260e-01    2.98724769e-11    4.47227101e-09    2.05541924e-02   -7.91823924e-02    3.12818634e-54    1.20000000e+00    1.80000000e+00
13       1.30000000e+00    4.34937842e-01    8.65720813e-08    1.30916974e-05    7.54037370e-01    5.26466430e-01    3.33358331e-08    1.08603943e-05    6.56260179e-01    4.45489634e-06    7.31812670e-01    1.85006665e-12    4.62617082e-09    2.47172448e-02    7.78392260e-01    7.83370456e-12    1.13779094e-09    1.93646101e-02   -7.91846171e-02   -2.70728571e-54    1.30000000e+00    1.80000000e+00
14       1.40000000e+00    4.34937842e-01    9.66158119e-08    1.42550554e-05    8.51137671e-01    5.26466430e-01    3.77772132e-08    1.20195583e-05    7.44092023e-01    5.59945090e-06    7.31812670e-01    3.84221913e-13    9.58896181e-10    2.33199117e-02    7.78392260e-01    1.92703590e-12    2.81663103e-10    1.90458167e-02   -7.91870991e-02    3.40133813e-54    1.40000000e+00    1.80000000e+00
15       1.50000000e+00    4.34937842e-01    1.06726149e-07    1.53109190e-05    9.51761350e-01    5.26466430e-01    4.23652663e-08    1.31070714e-05    8.33937257e-01    6.85639499e-06    7.31812670e-01    7.04846997e-14    1.80715343e-10    2.30204751e-02    7.78392260e-01    4.58246951e-13    6.76372167e-11    1.89665455e-02   -7.91898177e-02   -2.48876274e-54    1.50000000e+00    1.80000000e+00
16       1.60000000e+00    4.34937842e-01    1.17232049e-07    1.62593703e-05    1.05610941e+00    5.26466430e-01    4.72530686e-08    1.41183769e-05    9.25880268e-01    8.21831257e-06    7.31812670e-01    1.21626035e-14    3.17562668e-11    2.29647972e-02    7.78392260e-01    1.07124297e-13    1.59142879e-11    1.89475953e-02   -7.91927510e-02    2.45842168e-54    1.60000000e+00    1.80000000e+00
17       1.70000000e+00    4.34937842e-01    1.28920368e-07    1.71036227e-05    1.16439795e+00    5.26466430e-01    5.27323294e-08    1.50510375e-05    1.02000591e+00    9.67744356e-06    7.31812670e-01    2.04254639e-15    5.38027089e-12    2.29551356e-02    7.78392260e-01    2.48328990e-14    3.70225157e-12    1.89431540e-02   -7.91958763e-02   -3.22326422e-54    1.70000000e+00    1.80000000e+00
18       1.80000000e+00    4.34937842e-01    1.43788475e-07    1.78482471e-05    1.27685959e+00    5.26466430e-01    5.93812452e-08    1.59041336e-05    1.11640214e+00    1.12258660e-05    7.31812670e-01    3.39117142e-16    8.96697960e-13    2.29535093e-02    7.78392260e-01    5.73317949e-15    8.56282872e-13    1.89421232e-02   -7.91991724e-02    4.56277534e-54    1.80000000e+00    1.80000000e+00
End of Xyce(TM) Simulation
