Index       V(VI)       N(XM1:MSKY130_FD_PR__NFET_01V8_LVT:VTH) N(XM1:MSKY130_FD_PR__NFET_01V8_LVT:GDS) N(XM1:MSKY130_FD_PR__NFET_01V8_LVT:GM) N(XM1:MSKY130_FD_PR__NFET_01V8_LVT:VDSAT) N(XM2:MSKY130_FD_PR__NFET_01V8:VTH) N(XM2:MSKY130_FD_PR__NFET_01V8:GDS) N(XM2:MSKY130_FD_PR__NFET_01V8:GM) N(XM2:MSKY130_FD_PR__NFET_01V8:VDSAT) ID(XM2:MSKY130_FD_PR__NFET_01V8) N(XM4:MSKY130_FD_PR__PFET_01V8:VTH) N(XM4:MSKY130_FD_PR__PFET_01V8:GDS) N(XM4:MSKY130_FD_PR__PFET_01V8:GM) N(XM4:MSKY130_FD_PR__PFET_01V8:VDSAT) N(XM5:MSKY130_FD_PR__PFET_01V8_HVT:VTH) N(XM5:MSKY130_FD_PR__PFET_01V8_HVT:GDS) N(XM5:MSKY130_FD_PR__PFET_01V8_HVT:GM) N(XM5:MSKY130_FD_PR__PFET_01V8_HVT:VDSAT)      I(VDD)            I(VSIG)            V(VI)           V(SUPPLY)    
0        0.00000000e+00    4.35469886e-01    1.12376156e-13    2.37417100e-11    3.63503087e-02    5.31641695e-01    2.12068811e-14    5.74200875e-12    3.80465367e-02    2.01982906e-12    7.38335459e-01    8.95820616e-08    4.84623514e-05    5.71778747e-01    7.76476114e-01    1.10707084e-07    5.45327848e-05    5.56411683e-01   -7.92823585e-02    1.81128353e-54    0.00000000e+00    1.80000000e+00
1        1.00000000e-01    4.35469886e-01    3.09805453e-12    6.50821763e-10    3.63522146e-02    5.31641695e-01    3.27302837e-13    8.84944908e-11    3.80468804e-02    5.04848418e-12    7.38335459e-01    7.67089960e-08    4.39062428e-05    5.12475330e-01    7.76476114e-01    9.15517353e-08    4.68214940e-05    4.81631879e-01   -7.92622384e-02    0.00000000e+00    1.00000000e-01    1.80000000e+00
2        2.00000000e-01    4.35469886e-01    8.14372109e-11    1.66485490e-08    3.64022117e-02    5.31641695e-01    5.00918663e-12    1.34704216e-09    3.80521381e-02    5.13787460e-11    7.38335459e-01    6.51340911e-08    3.93231136e-05    4.54955354e-01    7.76476114e-01    7.52375875e-08    3.98929686e-05    4.13260313e-01   -7.92446139e-02    2.42259063e-55    2.00000000e-01    1.80000000e+00
3        3.00000000e-01    4.35469886e-01    1.72802135e-09    3.23397810e-07    3.74513420e-02    5.31641695e-01    7.42214515e-11    1.95952636e-08    3.81298606e-02    7.37491074e-10    7.38335459e-01    5.46646590e-08    3.47252022e-05    3.99136437e-01    7.76476114e-01    6.11485599e-08    3.36324830e-05    3.50427712e-01   -7.92294172e-02    3.50900428e-55    3.00000000e-01    1.80000000e+00
4        4.00000000e-01    4.35469885e-01    1.93585664e-08    3.54023558e-06    4.85823345e-02    5.31641695e-01    9.78124902e-10    2.48943937e-07    3.91447011e-02    9.90643717e-09    7.38335459e-01    4.51532175e-08    3.01242959e-05    3.44944206e-01    7.76476114e-01    4.88457716e-08    2.79397675e-05    2.92368113e-01   -7.92166542e-02    3.13943454e-55    4.00000000e-01    1.80000000e+00
5        5.00000000e-01    4.35469882e-01    8.62245839e-08    1.81748513e-05    8.98349497e-02    5.31641695e-01    9.08878479e-09    2.49442389e-06    4.82337827e-02    1.09430376e-07    7.38335459e-01    3.64870252e-08    2.55275676e-05    2.92322874e-01    7.76476114e-01    3.80073404e-08    2.27065663e-05    2.38408513e-01   -7.92069445e-02    4.48774047e-56    5.00000000e-01    1.80000000e+00
6        6.00000000e-01    4.35469878e-01    1.96825755e-07    4.20393346e-05    1.56111981e-01    5.31641692e-01    4.34760617e-08    1.55377835e-05    8.64341542e-02    8.69367949e-07    7.38335459e-01    2.85844683e-08    2.09304765e-05    2.41271316e-01    7.76476114e-01    2.84058599e-08    1.77886776e-05    1.88031708e-01   -7.92018973e-02   -2.07077640e-56    6.00000000e-01    1.80000000e+00
7        7.00000000e-01    4.35469875e-01    3.23499911e-07    6.59969280e-05    2.30365656e-01    5.31641687e-01    1.07515964e-07    4.10808141e-05    1.56161237e-01    3.66870042e-06    7.38335459e-01    2.14023164e-08    1.63124924e-05    1.91952075e-01    7.76476114e-01    1.99274364e-08    1.30072937e-05    1.41123540e-01   -7.92031291e-02   -2.34746760e-55    7.00000000e-01    1.80000000e+00
8        8.00000000e-01    4.35469875e-01    4.56004022e-07    8.92553675e-05    3.07132108e-01    5.31641683e-01    1.82061162e-07    6.45582033e-05    2.35015708e-01    8.99074549e-06    7.38335459e-01    1.49633149e-08    1.16690097e-05    1.44979805e-01    7.76476114e-01    1.26401543e-08    8.30247483e-06    9.85592319e-02   -7.92109171e-02    1.37068489e-55    8.00000000e-01    1.80000000e+00
9        9.00000000e-01    4.35469878e-01    5.92286065e-07    1.12034741e-04    3.85786223e-01    5.31641682e-01    2.58755515e-07    8.48156919e-05    3.13429173e-01    1.64735660e-05    7.38335459e-01    9.41103114e-09    7.16804930e-06    1.02015835e-01    7.76476114e-01    6.85882833e-09    4.13052185e-06    6.29370568e-02   -7.92246932e-02   -5.63516519e-55    9.00000000e-01    1.80000000e+00
10       1.00000000e+00    4.35469881e-01    7.31887419e-07    1.34056454e-04    4.66428492e-01    5.31641684e-01    3.37752589e-07    1.04138060e-04    3.91049197e-01    2.59251340e-05    7.38335459e-01    5.04464003e-09    3.41456484e-06    6.63465898e-02    7.76476114e-01    2.98596907e-09    1.42934464e-06    3.79341506e-02   -7.92439544e-02    1.65501310e-55    1.00000000e+00    1.80000000e+00
11       1.10000000e+00    4.35469883e-01    8.74902633e-07    1.54954483e-04    5.49208493e-01    5.31641686e-01    4.20674526e-07    1.22960535e-04    4.68687564e-01    3.72844921e-05    7.38335459e-01    2.16360890e-09    1.16312316e-06    4.17623000e-02    7.76476114e-01    1.00291986e-09    3.56124833e-07    2.47105163e-02   -7.92681701e-02    5.74074025e-55    1.10000000e+00    1.80000000e+00
12       1.20000000e+00    4.35469885e-01    1.02208430e-06    1.74428125e-04    6.34274492e-01    5.31641689e-01    5.09311333e-07    1.41066635e-04    5.46829591e-01    5.04925129e-05    7.38335459e-01    7.03905888e-10    2.98745777e-07    2.89511454e-02    7.76476114e-01    2.65641404e-10    7.87404347e-08    1.97129081e-02   -7.92968016e-02   -3.11914640e-55    1.20000000e+00    1.80000000e+00
13       1.30000000e+00    4.35469885e-01    1.17517984e-06    1.92265978e-04    7.21781221e-01    5.31641692e-01    6.05847581e-07    1.58214769e-04    6.25714014e-01    6.54649906e-05    7.38335459e-01    1.71242408e-10    6.65097323e-08    2.42126192e-02    7.76476114e-01    5.95466363e-11    1.70169089e-08    1.83076124e-02   -7.93294088e-02    1.42277576e-57    1.30000000e+00    1.80000000e+00
14       1.40000000e+00    4.35469886e-01    1.33749924e-06    2.08342830e-04    8.11894375e-01    5.31641693e-01    7.13278000e-07    1.74244328e-04    7.05479794e-01    8.20974825e-05    7.38335459e-01    3.28861499e-11    1.30988682e-08    2.29760816e-02    7.76476114e-01    1.21419735e-11    3.50904513e-09    1.79838529e-02   -7.93656277e-02    2.24387431e-55    1.40000000e+00    1.80000000e+00
15       1.50000000e+00    4.35469886e-01    1.51494611e-06    2.22610363e-04    9.04791613e-01    5.31641694e-01    8.35932593e-07    1.89061619e-04    7.86234548e-01    1.00272989e-04    7.38335459e-01    5.47337791e-12    2.26190498e-09    2.27308007e-02    7.76476114e-01    2.36233910e-12    6.91450095e-10    1.79170366e-02   -7.94051084e-02    6.27483792e-56    1.50000000e+00    1.80000000e+00
16       1.60000000e+00    4.35469886e-01    1.71803836e-06    2.35083785e-04    1.00066245e+00    5.31641695e-01    9.80269312e-07    2.02617795e-04    8.68079191e-01    1.19867511e-04    7.38335459e-01    8.50182063e-13    3.58630306e-10    2.26894246e-02    7.76476114e-01    4.49784490e-13    1.32606360e-10    1.79039686e-02   -7.94474864e-02   -1.54941756e-55    1.60000000e+00    1.80000000e+00
17       1.70000000e+00    4.35469886e-01    1.96616786e-06    2.45823602e-04    1.09970802e+00    5.31641695e-01    1.15621020e-06    2.14894097e-04    9.51115479e-01    1.40753762e-04    7.38335459e-01    1.28243043e-13    5.45869166e-11    2.26829632e-02    7.76476114e-01    8.48179303e-14    2.50932730e-11    1.79014749e-02   -7.94923921e-02    2.25385878e-56    1.70000000e+00    1.80000000e+00
18       1.80000000e+00    4.35469886e-01    2.29733315e-06    2.54909348e-04    1.20214098e+00    5.31641695e-01    1.37953567e-06    2.25891306e-04    1.03544774e+00    1.62803647e-04    7.38335459e-01    1.91185923e-14    8.16763320e-12    2.26819865e-02    7.76476114e-01    1.59272323e-14    4.71945811e-12    1.79010042e-02   -7.95394809e-02    1.77480260e-55    1.80000000e+00    1.80000000e+00
End of Xyce(TM) Simulation
