Index       V(VI)       N(XM1:MSKY130_FD_PR__NFET_01V8_LVT:VTH) N(XM1:MSKY130_FD_PR__NFET_01V8_LVT:GDS) N(XM1:MSKY130_FD_PR__NFET_01V8_LVT:GM) N(XM1:MSKY130_FD_PR__NFET_01V8_LVT:VDSAT) N(XM2:MSKY130_FD_PR__NFET_01V8:VTH) N(XM2:MSKY130_FD_PR__NFET_01V8:GDS) N(XM2:MSKY130_FD_PR__NFET_01V8:GM) N(XM2:MSKY130_FD_PR__NFET_01V8:VDSAT) ID(XM2:MSKY130_FD_PR__NFET_01V8) N(XM4:MSKY130_FD_PR__PFET_01V8:VTH) N(XM4:MSKY130_FD_PR__PFET_01V8:GDS) N(XM4:MSKY130_FD_PR__PFET_01V8:GM) N(XM4:MSKY130_FD_PR__PFET_01V8:VDSAT) N(XM5:MSKY130_FD_PR__PFET_01V8_HVT:VTH) N(XM5:MSKY130_FD_PR__PFET_01V8_HVT:GDS) N(XM5:MSKY130_FD_PR__PFET_01V8_HVT:GM) N(XM5:MSKY130_FD_PR__PFET_01V8_HVT:VDSAT)      I(VDD)            I(VSIG)            V(VI)           V(SUPPLY)    
0        0.00000000e+00    4.54999892e-01    3.07830677e-14    4.14928170e-12    3.73266052e-02    5.49317148e-01    7.40868509e-15    1.07669799e-12    3.92802012e-02    1.85092519e-12    5.97598588e-01    3.34401889e-08    9.80554069e-06    6.65778435e-01    6.90263126e-01    3.34881466e-08    8.46486732e-06    6.01809840e-01   -7.91921427e-02    7.06291572e-55    0.00000000e+00    1.80000000e+00
1        1.00000000e-01    4.54999892e-01    7.05511559e-13    9.46425524e-11    3.73283500e-02    5.49317148e-01    1.02882003e-13    1.49305549e-11    3.92805708e-02    2.37831840e-12    5.97598588e-01    2.64517091e-08    8.72534188e-06    6.01697373e-01    6.90263126e-01    2.66913268e-08    7.66228218e-06    5.42457703e-01   -7.91890882e-02    0.00000000e+00    1.00000000e-01    1.80000000e+00
2        2.00000000e-01    4.54999892e-01    1.55986892e-11    2.04822946e-09    3.73668551e-02    5.49317148e-01    1.41763662e-12    2.04679080e-10    3.92856597e-02    9.64167382e-12    5.97598588e-01    2.07397407e-08    7.69441938e-06    5.39853404e-01    6.90263126e-01    2.09668740e-08    6.86688826e-06    4.84573893e-01   -7.91863404e-02    4.17619486e-52    2.00000000e-01    1.80000000e+00
3        3.00000000e-01    4.54999892e-01    2.95734056e-10    3.60836520e-08    3.80901854e-02    5.49317148e-01    1.89877573e-11    2.69502192e-09    3.93536649e-02    1.06827657e-10    5.97598588e-01    1.60653550e-08    6.71403116e-06    4.80111387e-01    6.90263126e-01    1.61587177e-08    6.08284108e-06    4.27994430e-01   -7.91839105e-02   -3.86328268e-56    3.00000000e-01    1.80000000e+00
4        4.00000000e-01    4.54999892e-01    3.45113957e-09    3.89606636e-07    4.61747416e-02    5.49317148e-01    2.30517376e-10    3.14320191e-08    4.01719633e-02    1.29436589e-09    5.97598588e-01    1.22449454e-08    5.78516558e-06    4.22336165e-01    6.90263126e-01    1.21400983e-08    5.31262886e-06    3.72509144e-01   -7.91818115e-02   -2.75233143e-56    4.00000000e-01    1.80000000e+00
5        5.00000000e-01    4.54999892e-01    1.76405073e-08    2.15862427e-06    8.16812294e-02    5.49317148e-01    2.09733637e-09    2.88964674e-07    4.73596905e-02    1.31634212e-08    5.97598588e-01    9.13473292e-09    4.90803244e-06    3.66388311e-01    6.90263126e-01    8.80816449e-09    4.55369203e-06    3.17857248e-01   -7.91801234e-02   -9.78558487e-57    5.00000000e-01    1.80000000e+00
6        6.00000000e-01    4.54999892e-01    4.47879337e-08    5.57676606e-06    1.47145635e-01    5.49317148e-01    1.07558974e-08    1.78018471e-06    7.99202634e-02    9.93831903e-08    5.97598588e-01    6.62062445e-09    4.08100970e-06    3.12126338e-01    6.90263126e-01    6.08285399e-09    3.79286669e-06    2.63776558e-01   -7.91790699e-02   -6.47320848e-56    6.00000000e-01    1.80000000e+00
7        7.00000000e-01    4.54999892e-01    7.82569915e-08    9.26851733e-06    2.24922858e-01    5.49317147e-01    2.93334132e-08    5.15139349e-06    1.45770089e-01    4.37451611e-07    5.97598588e-01    4.61194340e-09    3.29893989e-06    2.59434669e-01    6.90263126e-01    3.90990568e-09    3.00239830e-06    2.10216396e-01   -7.91789050e-02   -1.06321873e-55    7.00000000e-01    1.80000000e+00
8        8.00000000e-01    4.54999892e-01    1.14711109e-07    1.29724309e-05    3.07069073e-01    5.49317147e-01    5.34320969e-08    8.49873290e-06    2.23963325e-01    1.12564564e-06    5.97598588e-01    3.03819088e-09    2.55185594e-06    2.08328948e-01    6.90263126e-01    2.26364775e-09    2.15502702e-06    1.57916887e-01   -7.91797188e-02   -2.37619390e-55    8.00000000e-01    1.80000000e+00
9        9.00000000e-01    4.54999892e-01    1.53651769e-07    1.67797598e-05    3.92507338e-01    5.49317147e-01    7.98756193e-08    1.13016061e-05    3.01680185e-01    2.11858479e-06    5.97598588e-01    1.84754442e-09    1.82942614e-06    1.59248391e-01    6.90263126e-01    1.13362880e-09    1.28877611e-06    1.09436837e-01   -7.91814593e-02   -1.12845596e-55    9.00000000e-01    1.80000000e+00
10       1.00000000e+00    4.54999892e-01    1.95321423e-07    2.06945101e-05    4.81507870e-01    5.49317147e-01    1.08402038e-07    1.39034431e-05    3.77411973e-01    3.37965194e-06    5.97598588e-01    1.00300287e-09    1.14329774e-06    1.13662913e-01    6.90263126e-01    4.76176345e-10    5.75058511e-07    6.96615632e-02   -7.91840785e-02   -3.79186197e-56    1.00000000e+00    1.80000000e+00
11       1.10000000e+00    4.54999892e-01    2.40283883e-07    2.46870596e-05    5.74486689e-01    5.49317147e-01    1.39552922e-07    1.64242544e-05    4.51901686e-01    4.89663249e-06    5.97598588e-01    4.68068254e-10    5.65245540e-07    7.47497421e-02    6.90263126e-01    1.68380512e-10    1.80995898e-07    4.32915477e-02   -7.91875296e-02    1.02345794e-55    1.10000000e+00    1.80000000e+00
12       1.20000000e+00    4.54999892e-01    2.89535176e-07    2.87304984e-05    6.71892126e-01    5.49317147e-01    1.73972096e-07    1.88535877e-05    5.25713229e-01    6.66135971e-06    5.97598588e-01    1.82553250e-10    2.01160670e-07    4.66807056e-02    6.90263126e-01    5.16178714e-11    4.49734620e-08    3.01139402e-02   -7.91917534e-02    8.78699035e-56    1.20000000e+00    1.80000000e+00
13       1.30000000e+00    4.54999892e-01    3.44821509e-07    3.28081190e-05    7.74222710e-01    5.49317148e-01    2.12368477e-07    2.11617253e-05    5.99134566e-01    8.66319061e-06    5.97598588e-01    5.89935542e-11    5.28507668e-08    3.11232637e-02    6.90263126e-01    1.40668796e-11    1.07441128e-08    2.51705735e-02   -7.91966950e-02    1.71154095e-55    1.30000000e+00    1.80000000e+00
14       1.40000000e+00    4.54999892e-01    4.09275291e-07    3.69130960e-05    8.82044406e-01    5.49317148e-01    2.55594147e-07    2.33266057e-05    6.72324754e-01    1.08888285e-05    5.97598588e-01    1.59503616e-11    1.22633198e-08    2.48445488e-02    6.90263126e-01    3.49859475e-12    2.59519412e-09    2.36928872e-02   -7.92023162e-02    7.46178247e-56    1.40000000e+00    1.80000000e+00
15       1.50000000e+00    4.54999892e-01    4.88795320e-07    4.10456659e-05    9.96002076e-01    5.49317148e-01    3.04736211e-07    2.53347615e-05    7.45397436e-01    1.33232158e-05    5.97598588e-01    3.73364724e-12    2.77513969e-09    2.29516250e-02    6.90263126e-01    8.19646130e-13    6.12552191e-10    2.33114685e-02   -7.92085923e-02   -1.46078242e-55    1.50000000e+00    1.80000000e+00
16       1.60000000e+00    4.54999892e-01    5.95367337e-07    4.52064750e-05    1.11682975e+00    5.49317148e-01    3.61228044e-07    2.71784991e-05    8.18453770e-01    1.59502555e-05    5.97598588e-01    7.95749745e-13    5.99400519e-10    2.24881346e-02    6.90263126e-01    1.85679784e-13    1.40207317e-10    2.32207865e-02   -7.92155022e-02    1.78801369e-55    1.60000000e+00    1.80000000e+00
17       1.70000000e+00    4.54999892e-01    7.56077356e-07    4.93789949e-05    1.24536224e+00    5.49317148e-01    4.27004128e-07    2.88537577e-05    8.91593230e-01    1.87532753e-05    5.97598588e-01    1.61171413e-13    1.23238359e-10    2.23875849e-02    6.90263126e-01    4.13440817e-14    3.14253470e-11    2.32001182e-02   -7.92230224e-02    9.63316033e-56    1.70000000e+00    1.80000000e+00
18       1.80000000e+00    4.54999892e-01    1.04131528e-06    5.34753719e-05    1.38254957e+00    5.49317148e-01    5.04733111e-07    3.03587529e-05    9.64916312e-01    2.17153202e-05    5.97598588e-01    3.18424884e-14    2.45623393e-11    2.23670733e-02    6.90263126e-01    9.12844833e-15    6.96273965e-12    2.31955039e-02   -7.92311246e-02   -1.70644556e-55    1.80000000e+00    1.80000000e+00
End of Xyce(TM) Simulation
