Index       V(VI)       N(XM1:MSKY130_FD_PR__NFET_01V8_LVT:VTH) N(XM1:MSKY130_FD_PR__NFET_01V8_LVT:GDS) N(XM1:MSKY130_FD_PR__NFET_01V8_LVT:GM) N(XM1:MSKY130_FD_PR__NFET_01V8_LVT:VDSAT) N(XM2:MSKY130_FD_PR__NFET_01V8:VTH) N(XM2:MSKY130_FD_PR__NFET_01V8:GDS) N(XM2:MSKY130_FD_PR__NFET_01V8:GM) N(XM2:MSKY130_FD_PR__NFET_01V8:VDSAT) ID(XM2:MSKY130_FD_PR__NFET_01V8) N(XM4:MSKY130_FD_PR__PFET_01V8:VTH) N(XM4:MSKY130_FD_PR__PFET_01V8:GDS) N(XM4:MSKY130_FD_PR__PFET_01V8:GM) N(XM4:MSKY130_FD_PR__PFET_01V8:VDSAT) N(XM5:MSKY130_FD_PR__PFET_01V8_HVT:VTH) N(XM5:MSKY130_FD_PR__PFET_01V8_HVT:GDS) N(XM5:MSKY130_FD_PR__PFET_01V8_HVT:GM) N(XM5:MSKY130_FD_PR__PFET_01V8_HVT:VDSAT)      I(VDD)            I(VSIG)            V(VI)           V(SUPPLY)    
0        0.00000000e+00    4.55760793e-01    3.76482732e-14    5.39422073e-12    3.66468243e-02    5.61511589e-01    3.85635315e-15    8.32724364e-13    3.98568551e-02    1.84061870e-12    6.38622554e-01    3.03486169e-08    1.50626257e-05    6.80671854e-01    7.13666221e-01    3.68401947e-08    1.26524222e-05    6.06128529e-01   -7.92028652e-02    7.94366182e-55    0.00000000e+00    1.80000000e+00
1        1.00000000e-01    4.55760793e-01    8.43758204e-13    1.20417983e-10    3.66482232e-02    5.61511589e-01    5.85425987e-14    1.26273124e-11    3.98570626e-02    2.27481872e-12    6.38622554e-01    2.41637624e-08    1.34966333e-05    6.11614569e-01    7.13666221e-01    3.06316312e-08    1.14116815e-05    5.43228161e-01   -7.91979406e-02    0.00000000e+00    1.00000000e-01    1.80000000e+00
2        2.00000000e-01    4.55760793e-01    1.83640519e-11    2.57539732e-09    3.66786217e-02    5.61511589e-01    8.82962726e-13    1.89641748e-10    3.98601910e-02    8.82099736e-12    6.38622554e-01    1.91423813e-08    1.19753308e-05    5.45363697e-01    7.13666221e-01    2.52838227e-08    1.01840887e-05    4.82472931e-01   -7.91935274e-02    5.40017506e-57    2.00000000e-01    1.80000000e+00
3        3.00000000e-01    4.55760793e-01    3.52020813e-10    4.64574150e-08    3.72569012e-02    5.61511589e-01    1.29896225e-11    2.74836116e-09    3.99061294e-02    1.05041660e-10    6.38622554e-01    1.50345153e-08    1.05024210e-05    4.81720440e-01    7.13666221e-01    2.06475272e-08    8.97316353e-06    4.23714275e-01   -7.91896371e-02    1.62897093e-55    3.00000000e-01    1.80000000e+00
4        4.00000000e-01    4.55760793e-01    4.39703637e-09    5.44783870e-07    4.42205490e-02    5.61511589e-01    1.74503085e-10    3.55393319e-08    4.05186984e-02    1.40475073e-09    6.38622554e-01    1.16583327e-08    9.08165003e-06    4.20492729e-01    7.13666221e-01    1.66082274e-08    7.78238215e-06    3.66793829e-01   -7.91862835e-02   -7.29890260e-56    4.00000000e-01    1.80000000e+00
5        5.00000000e-01    4.55760793e-01    2.42818560e-08    3.31290692e-06    7.77312352e-02    5.61511589e-01    1.76820757e-09    3.63353381e-07    4.65343013e-02    1.58156710e-08    6.38622554e-01    8.87821582e-09    7.71559101e-06    3.61492277e-01    7.13666221e-01    1.30763047e-08    6.61310761e-06    3.11538640e-01   -7.91835836e-02   -3.85326324e-56    5.00000000e-01    1.80000000e+00
6        6.00000000e-01    4.55760791e-01    6.35035261e-08    8.82586158e-06    1.41644025e-01    5.61511589e-01    9.93364140e-09    2.51494627e-06    7.65613711e-02    1.32703440e-07    6.38622554e-01    6.59122518e-09    6.40334813e-06    3.04543665e-01    7.13666221e-01    9.98171896e-09    5.46021317e-06    2.57779777e-01   -7.91818905e-02    1.20492769e-55    6.00000000e-01    1.80000000e+00
7        7.00000000e-01    4.55760791e-01    1.11256896e-07    1.45561411e-05    2.16936779e-01    5.61511588e-01    2.86144959e-08    7.90269429e-06    1.40686600e-01    6.36361213e-07    6.38622554e-01    4.71924960e-09    5.13736309e-06    2.49534308e-01    7.13666221e-01    7.27434236e-09    4.30621636e-06    2.05458816e-01   -7.91816013e-02    1.32621309e-55    7.00000000e-01    1.80000000e+00
8        8.00000000e-01    4.55760791e-01    1.62211878e-07    2.00884763e-05    2.95189614e-01    5.61511587e-01    5.37429014e-08    1.35493578e-05    2.18326987e-01    1.71694610e-06    6.38622554e-01    3.20558148e-09    3.90293470e-06    1.96576960e-01    7.13666221e-01    4.93327048e-09    3.12523284e-06    1.54982447e-01   -7.91828632e-02    9.70458257e-56    8.00000000e-01    1.80000000e+00
9        9.00000000e-01    4.55760791e-01    2.15615174e-07    2.56215286e-05    3.75433954e-01    5.61511586e-01    8.20165850e-08    1.83701258e-05    2.95938884e-01    3.31774252e-06    6.38622554e-01    2.01459239e-09    2.69407971e-06    1.46416943e-01    7.13666221e-01    2.98624654e-09    1.93378243e-06    1.08056401e-01   -7.91855857e-02    2.17434215e-55    9.00000000e-01    1.80000000e+00
10       1.00000000e+00    4.55760792e-01    2.71695315e-07    3.11572959e-05    4.57949299e-01    5.61511586e-01    1.13154346e-07    2.28313649e-05    3.71674609e-01    5.37957866e-06    6.38622554e-01    1.12991029e-09    1.56720258e-06    1.01150164e-01    7.13666221e-01    1.51808473e-09    9.00971351e-07    6.86827696e-02   -7.91896767e-02    9.82693036e-56    1.00000000e+00    1.80000000e+00
11       1.10000000e+00    4.55760793e-01    3.30957047e-07    3.66325175e-05    5.43046825e-01    5.61511587e-01    1.47778928e-07    2.71006848e-05    4.46125550e-01    7.87771198e-06    6.38622554e-01    5.40531056e-10    6.91535485e-07    6.46240179e-02    7.13666221e-01    6.05660532e-10    2.84583400e-07    4.19530572e-02   -7.91950424e-02    1.21002426e-55    1.10000000e+00    1.80000000e+00
12       1.20000000e+00    4.55760793e-01    3.94250958e-07    4.19895144e-05    6.31004713e-01    5.61511587e-01    1.86678052e-07    3.11503877e-05    5.19794072e-01    1.07922404e-05    6.38622554e-01    2.11129494e-10    2.16617363e-07    4.06152807e-02    7.13666221e-01    1.83105748e-10    6.61560197e-08    2.88547159e-02   -7.92015585e-02    1.49340103e-55    1.20000000e+00    1.80000000e+00
13       1.30000000e+00    4.55760793e-01    4.63002507e-07    4.71877149e-05    7.22105081e-01    5.61511588e-01    2.30763301e-07    3.49270524e-05    5.92959030e-01    1.40984885e-05    6.38622554e-01    6.59297257e-11    5.29660109e-08    2.88423808e-02    7.13666221e-01    4.34103946e-11    1.39664727e-08    2.44114614e-02   -7.92091069e-02    7.22748768e-56    1.30000000e+00    1.80000000e+00
14       1.40000000e+00    4.55760793e-01    5.39598126e-07    5.22020674e-05    8.16653375e-01    5.61511588e-01    2.81160684e-07    3.83925663e-05    6.65797962e-01    1.77671070e-05    6.38622554e-01    1.68397237e-11    1.20767529e-08    2.46555403e-02    7.13666221e-01    8.75777419e-12    2.80739638e-09    2.33001175e-02   -7.92176008e-02   -1.23345338e-55    1.40000000e+00    1.80000000e+00
15       1.50000000e+00    4.55760793e-01    6.28102214e-07    5.70197902e-05    9.14985420e-01    5.61511589e-01    3.39328244e-07    4.15252640e-05    7.38455961e-01    2.17657827e-05    6.38622554e-01    3.73237475e-12    2.65640032e-09    2.35180671e-02    7.13666221e-01    1.62086045e-12    5.28838934e-10    2.30707700e-02   -7.92269719e-02   -2.30686329e-55    1.50000000e+00    1.80000000e+00
16       1.60000000e+00    4.55760793e-01    7.35708932e-07    6.16361943e-05    1.01747025e+00    5.61511589e-01    4.07209937e-07    4.43153901e-05    8.11070972e-01    2.60606607e-05    6.38622554e-01    7.62605670e-13    5.51949687e-10    2.32591613e-02    7.13666221e-01    2.88113182e-13    9.51309725e-11    2.30279242e-02   -7.92371540e-02    7.07462298e-56    1.60000000e+00    1.80000000e+00
17       1.70000000e+00    4.55760793e-01    8.75932026e-07    6.60478394e-05    1.12451210e+00    5.61511589e-01    4.87458735e-07    4.67615051e-05    8.83780706e-01    3.06173485e-05    6.38622554e-01    1.49599003e-13    1.09661408e-10    2.32056641e-02    7.13666221e-01    5.03154885e-14    1.67109737e-11    2.30202788e-02   -7.92480772e-02    7.20701476e-56    1.70000000e+00    1.80000000e+00
18       1.80000000e+00    4.55760793e-01    1.07628861e-06    7.02386027e-05    1.23655274e+00    5.61511589e-01    5.83779831e-07    4.88679528e-05    9.56723228e-01    3.54016173e-05    6.38622554e-01    2.87962802e-14    2.12510050e-11    2.31951194e-02    7.13666221e-01    8.72124374e-15    2.90405119e-12    2.30189415e-02   -7.92596716e-02    2.55866648e-55    1.80000000e+00    1.80000000e+00
End of Xyce(TM) Simulation
