Index       V(VI)       N(XM1:MSKY130_FD_PR__NFET_01V8_LVT:VTH) N(XM1:MSKY130_FD_PR__NFET_01V8_LVT:GDS) N(XM1:MSKY130_FD_PR__NFET_01V8_LVT:GM) N(XM1:MSKY130_FD_PR__NFET_01V8_LVT:VDSAT) N(XM2:MSKY130_FD_PR__NFET_01V8:VTH) N(XM2:MSKY130_FD_PR__NFET_01V8:GDS) N(XM2:MSKY130_FD_PR__NFET_01V8:GM) N(XM2:MSKY130_FD_PR__NFET_01V8:VDSAT) ID(XM2:MSKY130_FD_PR__NFET_01V8) N(XM4:MSKY130_FD_PR__PFET_01V8:VTH) N(XM4:MSKY130_FD_PR__PFET_01V8:GDS) N(XM4:MSKY130_FD_PR__PFET_01V8:GM) N(XM4:MSKY130_FD_PR__PFET_01V8:VDSAT) N(XM5:MSKY130_FD_PR__PFET_01V8_HVT:VTH) N(XM5:MSKY130_FD_PR__PFET_01V8_HVT:GDS) N(XM5:MSKY130_FD_PR__PFET_01V8_HVT:GM) N(XM5:MSKY130_FD_PR__PFET_01V8_HVT:VDSAT)      I(VDD)            I(VSIG)            V(VI)           V(SUPPLY)    
0        0.00000000e+00    5.41886088e-01    1.01028643e-13    1.28268429e-11    4.38493396e-02    6.29471121e-01    2.38917677e-14    2.61133551e-12    4.08126423e-02    1.90814832e-12    5.58537037e-01    4.27280241e-06    1.52616970e-04    9.82709527e-01    6.43876438e-01    1.74374011e-06    1.51618179e-04    1.07625141e+00   -7.94340415e-02    1.99089442e-55    0.00000000e+00    1.80000000e+00
1        1.00000000e-01    5.41886088e-01    1.70873630e-12    2.16959963e-10    4.38496937e-02    6.29471121e-01    3.40640002e-13    3.74048639e-11    4.08127233e-02    3.21699820e-12    5.58537037e-01    3.25180954e-06    1.33496992e-04    8.63397011e-01    6.43876438e-01    1.26944752e-06    1.31260259e-04    9.37764915e-01   -7.93925171e-02    0.00000000e+00    1.00000000e-01    1.80000000e+00
2        2.00000000e-01    5.41886088e-01    2.86095319e-11    3.61515330e-09    4.38556289e-02    6.29471121e-01    4.82860107e-12    5.32271150e-10    4.08138782e-02    2.18913074e-11    5.58537037e-01    2.48709658e-06    1.15883957e-04    7.55158185e-01    6.43876438e-01    9.44299208e-07    1.12830328e-04    8.12438884e-01   -7.93551322e-02    1.51205304e-56    2.00000000e-01    1.80000000e+00
3        3.00000000e-01    5.41886088e-01    4.60073560e-10    5.68558716e-08    4.39509448e-02    6.29471121e-01    6.70064271e-11    7.39387707e-09    4.08300703e-02    2.83811999e-10    5.58537037e-01    1.89880230e-06    9.96788976e-05    6.56423484e-01    6.43876438e-01    7.08086158e-07    9.61444604e-05    6.98281369e-01   -7.93218292e-02    2.41563811e-56    3.00000000e-01    1.80000000e+00
4        4.00000000e-01    5.41886088e-01    6.38435668e-09    7.43091022e-07    4.52566948e-02    6.29471121e-01    8.65138525e-10    9.47644635e-08    4.10431536e-02    3.74830319e-09    5.58537037e-01    1.43852318e-06    8.47771698e-05    5.65903318e-01    6.43876438e-01    5.29898259e-07    8.10175060e-05    5.93597396e-01   -7.92925544e-02   -3.66736241e-56    4.00000000e-01    1.80000000e+00
5        5.00000000e-01    5.41886087e-01    5.85283413e-08    6.71648382e-06    5.64584408e-02    6.29471121e-01    9.22798097e-09    9.96301407e-07    4.33234349e-02    4.28865318e-08    5.58537037e-01    1.07501466e-06    7.10851247e-05    4.82526618e-01    6.43876438e-01    3.92123412e-07    6.72581682e-05    4.96906451e-01   -7.92674542e-02   -2.88637701e-56    5.00000000e-01    1.80000000e+00
6        6.00000000e-01    5.41886082e-01    2.69351764e-07    3.39489040e-05    9.74647482e-02    6.29471119e-01    7.08816641e-08    7.86807179e-06    5.79464165e-02    3.84991757e-07    5.58537037e-01    7.87023988e-07    5.85160116e-05    4.05399425e-01    6.43876438e-01    2.83861218e-07    5.46230752e-05    4.06919803e-01   -7.92478994e-02   -4.11702354e-57    6.00000000e-01    1.80000000e+00
7        7.00000000e-01    5.41886076e-01    6.73860026e-07    8.02729178e-05    1.62226105e-01    6.29471110e-01    3.15655343e-07    3.55493107e-05    1.00690068e-01    2.33986891e-06    5.58537037e-01    5.59448925e-07    4.69744779e-05    3.33793139e-01    6.43876438e-01    1.97920386e-07    4.27598090e-05    3.22660379e-01   -7.92374039e-02   -5.20664617e-57    7.00000000e-01    1.80000000e+00
8        8.00000000e-01    5.41886074e-01    1.19277883e-06    1.21750751e-04    2.27654906e-01    6.29471095e-01    7.60642802e-07    7.89424186e-05    1.63069548e-01    8.04341329e-06    5.58537037e-01    3.81203545e-07    3.63401758e-05    2.67194228e-01    6.43876438e-01    1.29505736e-07    3.12470821e-05    2.43903320e-01   -7.92385398e-02    2.17650719e-56    8.00000000e-01    1.80000000e+00
9        9.00000000e-01    5.41886075e-01    1.77727247e-06    1.55064649e-04    2.86269354e-01    6.29471084e-01    1.29884223e-06    1.18146384e-04    2.26962928e-01    1.79648921e-05    5.58537037e-01    2.44074293e-07    2.64854935e-05    2.05487321e-01    6.43876438e-01    7.60478930e-08    2.00084096e-05    1.72129064e-01   -7.92508170e-02   -1.23808141e-56    9.00000000e-01    1.80000000e+00
10       1.00000000e+00    5.41886078e-01    2.41419253e-06    1.82454992e-04    3.38433603e-01    6.29471078e-01    1.90400890e-06    1.50379807e-04    2.86103190e-01    3.14409787e-05    5.58537037e-01    1.42227356e-07    1.74166721e-05    1.49374853e-01    6.43876438e-01    3.75211244e-08    1.01546555e-05    1.11551445e-01   -7.92726418e-02   -4.07149921e-56    1.00000000e+00    1.80000000e+00
11       1.10000000e+00    5.41886080e-01    3.09903980e-06    2.04665315e-04    3.85567564e-01    6.29471079e-01    2.58067965e-06    1.77501936e-04    3.40220069e-01    4.78729619e-05    5.58537037e-01    7.18966927e-08    9.60085742e-06    1.00976702e-01    6.43876438e-01    1.46869390e-08    3.70908569e-06    6.79497785e-02   -7.93024299e-02   -1.17452169e-56    1.10000000e+00    1.80000000e+00
12       1.20000000e+00    5.41886082e-01    3.82827857e-06    2.22006179e-04    4.28944170e-01    6.29471082e-01    3.32973821e-06    2.00288115e-04    3.90116453e-01    6.67966717e-05    5.58537037e-01    2.98660538e-08    4.04568999e-06    6.37953668e-02    6.43876438e-01    4.62729738e-09    9.97316800e-07    4.34467207e-02   -7.93385614e-02    6.69015346e-57    1.20000000e+00    1.80000000e+00
13       1.30000000e+00    5.41886084e-01    4.59892474e-06    2.34908218e-04    4.69628930e-01    6.29471087e-01    4.14895117e-06    2.19021202e-04    4.36604019e-01    8.77940063e-05    5.58537037e-01    9.98903226e-09    1.25382187e-06    4.04677972e-02    6.43876438e-01    1.26802886e-09    2.37295505e-07    3.31607293e-02   -7.93795177e-02   -2.26435342e-56    1.30000000e+00    1.80000000e+00
14       1.40000000e+00    5.41886085e-01    5.40914746e-06    2.43925046e-04    5.08511895e-01    6.29471093e-01    5.03557744e-06    2.33987324e-04    4.80396775e-01    1.10473458e-04    5.58537037e-01    2.80071047e-09    3.17477936e-07    2.94127744e-02    6.43876438e-01    3.18026673e-10    5.65711751e-08    2.98427539e-02   -7.94240806e-02   -9.94449365e-57    1.40000000e+00    1.80000000e+00
15       1.50000000e+00    5.41886086e-01    6.25867969e-06    2.49642954e-04    5.46329622e-01    6.29471099e-01    5.98749042e-06    2.45552430e-04    5.22122469e-01    1.34476194e-04    5.58537037e-01    6.90317275e-10    7.53168516e-08    2.55469984e-02    6.43876438e-01    7.46053371e-11    1.32616939e-08    2.89557037e-02   -7.94713468e-02   -5.26747216e-57    1.50000000e+00    1.80000000e+00
16       1.60000000e+00    5.41886087e-01    7.14900419e-06    2.52618043e-04    5.83683022e-01    6.29471104e-01    7.00366735e-06    2.54124029e-04    5.62332484e-01    1.59482402e-04    5.58537037e-01    1.53545217e-10    1.69143020e-08    2.44997812e-02    6.43876438e-01    1.67342550e-11    2.99985954e-09    2.87436011e-02   -7.95205988e-02    3.08314293e-56    1.60000000e+00    1.80000000e+00
17       1.70000000e+00    5.41886087e-01    8.08342720e-06    2.53346432e-04    6.21055282e-01    6.29471108e-01    8.08448180e-06    2.60109631e-04    6.01507053e-01    1.85213270e-04    5.58537037e-01    3.17907907e-11    3.55711129e-09    2.42602300e-02    6.43876438e-01    3.65951687e-12    6.60115807e-10    2.86957878e-02   -7.95711812e-02   -1.01385468e-57    1.70000000e+00    1.80000000e+00
18       1.80000000e+00    5.41886087e-01    9.06712858e-06    2.52254971e-04    6.58829665e-01    6.29471112e-01    9.23192700e-06    2.63891180e-04    6.40060076e-01    2.11429590e-04    5.58537037e-01    6.32012867e-12    7.14131786e-10    2.42103114e-02    6.43876438e-01    7.89985209e-13    1.42987359e-10    2.86853185e-02   -7.96224877e-02   -4.37573520e-56    1.80000000e+00    1.80000000e+00
End of Xyce(TM) Simulation
