Index       V(VI)       N(XM1:MSKY130_FD_PR__NFET_01V8_LVT:VTH) N(XM1:MSKY130_FD_PR__NFET_01V8_LVT:GDS) N(XM1:MSKY130_FD_PR__NFET_01V8_LVT:GM) N(XM1:MSKY130_FD_PR__NFET_01V8_LVT:VDSAT) N(XM2:MSKY130_FD_PR__NFET_01V8:VTH) N(XM2:MSKY130_FD_PR__NFET_01V8:GDS) N(XM2:MSKY130_FD_PR__NFET_01V8:GM) N(XM2:MSKY130_FD_PR__NFET_01V8:VDSAT) ID(XM2:MSKY130_FD_PR__NFET_01V8) N(XM4:MSKY130_FD_PR__PFET_01V8:VTH) N(XM4:MSKY130_FD_PR__PFET_01V8:GDS) N(XM4:MSKY130_FD_PR__PFET_01V8:GM) N(XM4:MSKY130_FD_PR__PFET_01V8:VDSAT) N(XM5:MSKY130_FD_PR__PFET_01V8_HVT:VTH) N(XM5:MSKY130_FD_PR__PFET_01V8_HVT:GDS) N(XM5:MSKY130_FD_PR__PFET_01V8_HVT:GM) N(XM5:MSKY130_FD_PR__PFET_01V8_HVT:VDSAT)      I(VDD)            I(VSIG)            V(VI)           V(SUPPLY)    
0        0.00000000e+00    4.28388431e-01    1.39136815e-14    2.94763422e-12    3.60130496e-02    5.25726509e-01    2.45362058e-15    6.80562406e-13    3.77211337e-02    1.83478764e-12    7.38208342e-01    8.37500129e-09    4.74153742e-06    5.58459661e-01    7.85881200e-01    1.48129875e-08    4.88630699e-06    5.28826047e-01   -7.91847412e-02    2.30214382e-53    0.00000000e+00    1.80000000e+00
1        1.00000000e-01    4.28388431e-01    3.83032377e-13    8.06309931e-11    3.60154402e-02    5.25726509e-01    3.82060870e-14    1.05803714e-11    3.77215480e-02    2.19597948e-12    7.38208342e-01    7.49569027e-09    4.29864187e-06    5.00878297e-01    7.85881200e-01    1.30341965e-08    4.31043320e-06    4.63325848e-01   -7.91827763e-02    0.00000000e+00    1.00000000e-01    1.80000000e+00
2        2.00000000e-01    4.28388431e-01    9.99727188e-12    2.04195732e-09    3.60776944e-02    5.25726509e-01    5.89323005e-13    1.62216587e-10    3.77279346e-02    7.76449783e-12    7.38208342e-01    6.63955245e-09    3.85198823e-06    4.44950750e-01    7.85881200e-01    1.13273918e-08    3.77258484e-06    4.01449881e-01   -7.91810462e-02    4.00914707e-51    2.00000000e-01    1.80000000e+00
3        3.00000000e-01    4.28388431e-01    2.06156860e-10    3.83967462e-08    3.73455468e-02    5.25726509e-01    8.76517303e-12    2.36421106e-09    3.78226788e-02    9.05547464e-11    7.38208342e-01    5.80301347e-09    3.40296671e-06    3.90606472e-01    7.85881200e-01    9.67617830e-09    3.26764492e-06    3.42634049e-01   -7.91795473e-02    4.02648774e-55    3.00000000e-01    1.80000000e+00
4        4.00000000e-01    4.28388431e-01    2.16928332e-09    4.01858824e-07    4.99181738e-02    5.25726509e-01    1.14338721e-10    2.97264450e-08    3.90461081e-02    1.19006643e-09    7.38208342e-01    4.98409031e-09    2.95292869e-06    3.37782400e-01    7.85881200e-01    8.06522035e-09    2.78569707e-06    2.86309239e-01   -7.91782848e-02   -8.68054303e-55    4.00000000e-01    1.80000000e+00
5        5.00000000e-01    4.28388431e-01    9.09674697e-09    1.94361764e-06    9.33952464e-02    5.25726509e-01    1.01824864e-09    2.91251172e-07    4.95220930e-02    1.29142291e-08    7.38208342e-01    4.18210879e-09    2.50279311e-06    2.86433602e-01    7.85881200e-01    6.48241843e-09    2.30734920e-06    2.32002313e-01   -7.91773299e-02   -1.97486266e-54    5.00000000e-01    1.80000000e+00
6        6.00000000e-01    4.28388431e-01    2.00788446e-08    4.33460657e-06    1.60893495e-01    5.25726509e-01    4.55351439e-09    1.69749568e-06    9.05329440e-02    9.82365338e-08    7.38208342e-01    3.39796053e-09    2.05238098e-06    2.36568561e-01    7.85881200e-01    4.92846720e-09    1.80301854e-06    1.79659311e-01   -7.91768513e-02   -3.96601150e-55    6.00000000e-01    1.80000000e+00
7        7.00000000e-01    4.28388431e-01    3.24563754e-08    6.73533453e-06    2.36266950e-01    5.25726508e-01    1.06816090e-08    4.24292102e-06    1.61928222e-01    3.93077787e-07    7.38208342e-01    2.63557542e-09    1.60001596e-06    1.88354753e-01    7.85881200e-01    3.43876169e-09    1.25374780e-06    1.30334081e-01   -7.91770100e-02    2.81457585e-54    7.00000000e-01    1.80000000e+00
8        8.00000000e-01    4.28388431e-01    4.52848307e-08    9.09568168e-06    3.14735679e-01    5.25726508e-01    1.75094996e-08    6.57792504e-06    2.42280049e-01    9.37519584e-07    7.38208342e-01    1.90621410e-09    1.14553768e-06    1.42398044e-01    7.85881200e-01    2.11014968e-09    7.07578528e-07    8.69828526e-02   -7.91778309e-02   -6.49539991e-55    8.00000000e-01    1.80000000e+00
9        9.00000000e-01    4.28388431e-01    5.83286558e-08    1.14329742e-05    3.95824201e-01    5.25726508e-01    2.42902944e-08    8.65345648e-06    3.23296922e-01    1.70012787e-06    7.38208342e-01    1.23748684e-09    7.05244986e-07    1.00322681e-01    7.85881200e-01    1.08637464e-09    2.95442356e-07    5.39397726e-02   -7.91792604e-02   -2.21766366e-54    9.00000000e-01    1.80000000e+00
10       1.00000000e+00    4.28388431e-01    7.14712347e-08    1.37170878e-05    4.79675286e-01    5.25726508e-01    3.09809079e-08    1.06653856e-05    4.04739061e-01    2.66628603e-06    7.38208342e-01    6.81960647e-10    3.37610800e-07    6.53457821e-02    7.85881200e-01    4.55197993e-10    9.10083610e-08    3.37038985e-02   -7.91812467e-02    1.32128960e-54    1.00000000e+00    1.80000000e+00
11       1.10000000e+00    4.28388431e-01    8.46231615e-08    1.59102369e-05    5.66467205e-01    5.25726508e-01    3.76281699e-08    1.26445641e-05    4.87329777e-01    3.83209207e-06    7.38208342e-01    2.99021043e-10    1.16190306e-07    4.11875982e-02    7.85881200e-01    1.56410746e-10    2.39019171e-08    2.41564649e-02   -7.91837400e-02   -5.09925330e-55    1.10000000e+00    1.80000000e+00
12       1.20000000e+00    4.28388431e-01    9.77254048e-08    1.79808521e-05    6.56374415e-01    5.25726509e-01    4.42665641e-08    1.45675382e-05    5.71500395e-01    5.19323653e-06    7.38208342e-01    9.88564579e-11    3.03411690e-08    2.85354098e-02    7.85881200e-01    4.60008435e-11    6.20098395e-09    2.06332039e-02   -7.91866938e-02    2.70121375e-54    1.20000000e+00    1.80000000e+00
13       1.30000000e+00    4.28388431e-01    1.10767973e-07    1.99059490e-05    7.49577014e-01    5.25726509e-01    5.09333926e-08    1.64094725e-05    6.57462928e-01    6.74281224e-06    7.38208342e-01    2.42349218e-11    6.84937511e-09    2.38133409e-02    7.85881200e-01    1.22148429e-11    1.60728636e-09    1.95555627e-02   -7.91900696e-02   -1.76436650e-54    1.30000000e+00    1.80000000e+00
14       1.40000000e+00    4.28388431e-01    1.23823150e-07    2.16711026e-05    8.46266674e-01    5.25726509e-01    5.76937017e-08    1.81529480e-05    7.45338413e-01    8.47178698e-06    7.38208342e-01    4.63852612e-12    1.35206304e-09    2.25727546e-02    7.85881200e-01    3.05766016e-12    4.05216040e-10    1.92635239e-02   -7.91938344e-02    4.13583247e-54    1.40000000e+00    1.80000000e+00
15       1.50000000e+00    4.28388431e-01    1.37113599e-07    2.32698220e-05    9.46649391e-01    5.25726509e-01    6.46705152e-08    1.97867731e-05    8.35217785e-01    1.03697099e-05    7.38208342e-01    7.62678431e-13    2.31394460e-10    2.23273604e-02    7.85881200e-01    7.41736427e-13    9.92368282e-11    1.91896676e-02   -7.91979561e-02   -4.59311881e-54    1.50000000e+00    1.80000000e+00
16       1.60000000e+00    4.28388431e-01    1.51169642e-07    2.47024792e-05    1.05094721e+00    5.25726509e-01    7.20955167e-08    2.13041745e-05    9.27184689e-01    1.24252423e-05    7.38208342e-01    1.16508742e-13    3.61295288e-11    2.22864482e-02    7.85881200e-01    1.77080865e-13    2.38396662e-11    1.91716605e-02   -7.92024006e-02    3.24755415e-54    1.60000000e+00    1.80000000e+00
17       1.70000000e+00    4.28388431e-01    1.67232652e-07    2.59746498e-05    1.15939979e+00    5.25726509e-01    8.04108281e-08    2.27015963e-05    1.02132326e+00    1.46265376e-05    7.38208342e-01    1.72529395e-14    5.40113869e-12    2.22801638e-02    7.85881200e-01    4.19419205e-14    5.66583917e-12    1.91673509e-02   -7.92071333e-02   -3.22326416e-54    1.70000000e+00    1.80000000e+00
18       1.80000000e+00    4.28388431e-01    1.88414652e-07    2.70942687e-05    1.27226615e+00    5.25726509e-01    9.04937084e-08    2.39777861e-05    1.11772066e+00    1.69615177e-05    7.38208342e-01    2.52346638e-15    7.92988967e-13    2.22792312e-02    7.85881200e-01    9.89543333e-15    1.33910414e-12    1.91663289e-02   -7.92121220e-02    4.56277534e-54    1.80000000e+00    1.80000000e+00
End of Xyce(TM) Simulation
