Index       V(VI)       N(XM1:MSKY130_FD_PR__NFET_01V8_LVT:VTH) N(XM1:MSKY130_FD_PR__NFET_01V8_LVT:GDS) N(XM1:MSKY130_FD_PR__NFET_01V8_LVT:GM) N(XM1:MSKY130_FD_PR__NFET_01V8_LVT:VDSAT) N(XM2:MSKY130_FD_PR__NFET_01V8:VTH) N(XM2:MSKY130_FD_PR__NFET_01V8:GDS) N(XM2:MSKY130_FD_PR__NFET_01V8:GM) N(XM2:MSKY130_FD_PR__NFET_01V8:VDSAT) ID(XM2:MSKY130_FD_PR__NFET_01V8) N(XM4:MSKY130_FD_PR__PFET_01V8:VTH) N(XM4:MSKY130_FD_PR__PFET_01V8:GDS) N(XM4:MSKY130_FD_PR__PFET_01V8:GM) N(XM4:MSKY130_FD_PR__PFET_01V8:VDSAT) N(XM5:MSKY130_FD_PR__PFET_01V8_HVT:VTH) N(XM5:MSKY130_FD_PR__PFET_01V8_HVT:GDS) N(XM5:MSKY130_FD_PR__PFET_01V8_HVT:GM) N(XM5:MSKY130_FD_PR__PFET_01V8_HVT:VDSAT)      I(VDD)            I(VSIG)            V(VI)           V(SUPPLY)    
0        0.00000000e+00    4.69363905e-01    1.35161754e-13    1.76964539e-11    3.72766111e-02    5.62504746e-01    1.73866023e-14    3.28648686e-12    3.78882115e-02    1.93117668e-12    6.68139872e-01    4.02644186e-07    7.78244971e-05    7.45703652e-01    7.48904763e-01    2.09050169e-07    5.72724684e-05    5.87063166e-01   -7.93137138e-02    7.09039362e-55    0.00000000e+00    1.80000000e+00
1        1.00000000e-01    4.69363905e-01    3.24314054e-12    4.23141577e-10    3.72775110e-02    5.62504746e-01    2.62012088e-13    4.94791479e-11    3.78883681e-02    3.63611007e-12    6.68139872e-01    3.05897226e-07    6.89496251e-05    6.61977918e-01    7.48904763e-01    1.62021595e-07    5.06936946e-05    5.24158675e-01   -7.92886967e-02    0.00000000e+00    1.00000000e-01    1.80000000e+00
2        2.00000000e-01    4.69363905e-01    7.57434623e-11    9.72314799e-09    3.72985017e-02    5.62504746e-01    3.92665108e-12    7.38828516e-10    3.78907151e-02    2.91782691e-11    6.68139872e-01    2.30891929e-07    6.05341873e-05    5.83289969e-01    7.48904763e-01    1.23656746e-07    4.43775367e-05    4.63481255e-01   -7.92666263e-02    3.25301821e-56    2.00000000e-01    1.80000000e+00
3        3.00000000e-01    4.69363905e-01    1.56666552e-09    1.88989004e-07    3.77297649e-02    5.62504746e-01    5.76143185e-11    1.07011860e-08    3.79250970e-02    4.03637352e-10    6.68139872e-01    1.72148103e-07    5.25467306e-05    5.09150093e-01    7.48904763e-01    9.24529763e-08    3.83261152e-05    4.04891663e-01   -7.92474446e-02   -1.61702974e-55    3.00000000e-01    1.80000000e+00
4        4.00000000e-01    4.69363904e-01    2.12127723e-08    2.31626708e-06    4.33764727e-02    5.62504746e-01    7.82218769e-10    1.40317820e-07    3.83888874e-02    5.50543986e-09    6.68139872e-01    1.25950054e-07    4.49637069e-05    4.39130316e-01    7.48904763e-01    6.72393974e-08    3.25397564e-05    3.48249892e-01   -7.92311131e-02    1.13687618e-57    4.00000000e-01    1.80000000e+00
5        5.00000000e-01    4.69363902e-01    1.25580741e-07    1.44008311e-05    7.26870079e-02    5.62504746e-01    8.29392454e-09    1.48137282e-06    4.31695893e-02    6.35898361e-08    6.68139872e-01    8.96854046e-08    3.77651165e-05    3.72859009e-01    7.48904763e-01    4.70903071e-08    2.70098056e-05    2.93415389e-01   -7.92180502e-02   -2.09238132e-57    5.00000000e-01    1.80000000e+00
6        6.00000000e-01    4.69363898e-01    3.41229969e-07    4.00617065e-05    1.30723688e-01    5.62504744e-01    5.07851363e-08    1.09949683e-05    6.93202495e-02    5.59897566e-07    6.68139872e-01    6.14626338e-08    3.09263387e-05    3.10030125e-01    7.48904763e-01    3.12720075e-08    2.17036782e-05    2.40274210e-01   -7.92097964e-02   -4.66455566e-56    6.00000000e-01    1.80000000e+00
7        7.00000000e-01    4.69363895e-01    6.03409180e-07    6.70495171e-05    1.97853004e-01    5.62504739e-01    1.58396610e-07    3.74018760e-05    1.29634566e-01    2.87864830e-06    6.68139872e-01    3.98852905e-08    2.44071613e-05    2.50454607e-01    7.48904763e-01    1.92172226e-08    1.65478473e-05    1.88863520e-01   -7.92082954e-02    1.29232033e-55    7.00000000e-01    1.80000000e+00
8        8.00000000e-01    4.69363895e-01    8.75264083e-07    9.19271396e-05    2.64214961e-01    5.62504734e-01    3.11940859e-07    6.54354730e-05    2.04118489e-01    8.06887950e-06    6.68139872e-01    2.39171418e-08    1.81535413e-05    1.94224457e-01    7.48904763e-01    1.05134596e-08    1.14621079e-05    1.39769402e-01   -7.92142881e-02    1.19901238e-55    8.00000000e-01    1.80000000e+00
9        9.00000000e-01    4.69363896e-01    1.15029312e-06    1.15298418e-04    3.28354165e-01    5.62504731e-01    4.89596537e-07    8.84421101e-05    2.77727818e-01    1.57914054e-05    6.68139872e-01    1.27824224e-08    1.21739885e-05    1.42123475e-01    7.48904763e-01    4.84590807e-09    6.60064440e-06    9.50287461e-02   -7.92270821e-02    3.09771977e-56    9.00000000e-01    1.80000000e+00
10       1.00000000e+00    4.69363898e-01    1.42936331e-06    1.37146848e-04    3.90492379e-01    5.62504731e-01    6.89150500e-07    1.09455221e-04    3.48630332e-01    2.56948595e-05    6.68139872e-01    5.81243097e-09    6.78982838e-06    9.63375245e-02    7.48904763e-01    1.78129492e-09    2.75037648e-06    5.90027745e-02   -7.92459578e-02    2.21265726e-56    1.00000000e+00    1.80000000e+00
11       1.10000000e+00    4.69363900e-01    1.71521810e-06    1.57276997e-04    4.51066783e-01    5.62504733e-01    9.14920548e-07    1.29599174e-04    4.17729842e-01    3.76543656e-05    6.68139872e-01    2.16408964e-09    2.82223117e-06    6.06982437e-02    7.48904763e-01    5.15815987e-10    7.56230252e-07    3.63660185e-02   -7.92702717e-02    7.13425973e-56    1.10000000e+00    1.80000000e+00
12       1.20000000e+00    4.69363902e-01    2.01194343e-06    1.75624585e-04    5.10570607e-01    5.62504736e-01    1.17215842e-06    1.48750333e-04    4.85720129e-01    5.15809184e-05    6.68139872e-01    6.59090185e-10    8.26921564e-07    3.84269441e-02    7.48904763e-01    1.21113756e-10    1.57178111e-07    2.65313938e-02   -7.92993185e-02   -1.74619693e-56    1.20000000e+00    1.80000000e+00
13       1.30000000e+00    4.69363903e-01    2.32513787e-06    1.92276229e-04    5.69533253e-01    5.62504739e-01    1.46659979e-06    1.66636796e-04    5.52995163e-01    6.73612454e-05    6.68139872e-01    1.67286267e-10    1.90699495e-07    2.82495770e-02    7.48904763e-01    2.37170650e-11    2.99677631e-08    2.36703050e-02   -7.93324780e-02   -9.26930079e-56    1.30000000e+00    1.80000000e+00
14       1.40000000e+00    4.69363904e-01    2.66227170e-06    2.07423474e-04    6.28501969e-01    5.62504742e-01    1.80501516e-06    1.83089204e-04    6.19822969e-01    8.48595163e-05    6.68139872e-01    3.55742360e-11    3.99489000e-08    2.49896735e-02    7.48904763e-01    4.07021473e-12    5.27309264e-09    2.30636456e-02   -7.93692920e-02    1.52912002e-55    1.40000000e+00    1.80000000e+00
15       1.50000000e+00    4.69363904e-01    3.03330570e-06    2.21316940e-04    6.88024329e-01    5.62504744e-01    2.19589252e-06    1.98039150e-04    6.86434921e-01    1.03928245e-04    6.68139872e-01    6.54009026e-12    7.59718719e-09    2.42263971e-02    7.48904763e-01    6.49730045e-13    8.59284260e-10    2.29569053e-02   -7.94093994e-02    1.89749403e-55    1.50000000e+00    1.80000000e+00
16       1.60000000e+00    4.69363905e-01    3.45172893e-06    2.34231467e-04    7.48635955e-01    5.62504745e-01    2.65025921e-06    2.11485327e-04    7.53056552e-01    1.24416686e-04    6.68139872e-01    1.10113533e-12    1.31464730e-09    2.40813790e-02    7.48904763e-01    1.00362278e-13    1.34082838e-10    2.29397299e-02   -7.94524701e-02   -1.35762255e-56    1.60000000e+00    1.80000000e+00
17       1.70000000e+00    4.69363905e-01    3.93626971e-06    2.46441616e-04    8.10854044e-01    5.62504746e-01    3.18280508e-06    2.23467960e-04    8.19914917e-01    1.46176190e-04    6.68139872e-01    1.77677986e-13    2.15083223e-10    2.40566914e-02    7.48904763e-01    1.52929162e-14    2.05189089e-11    2.29370696e-02   -7.94981897e-02   -5.69897841e-56    1.70000000e+00    1.80000000e+00
18       1.80000000e+00    4.69363905e-01    4.51373354e-06    2.58204724e-04    8.75175590e-01    5.62504746e-01    3.81353678e-06    2.34051600e-04    8.87238377e-01    1.69063460e-04    6.68139872e-01    2.81492574e-14    3.42802080e-11    2.40526921e-02    7.48904763e-01    2.31766479e-15    3.11502559e-12    2.29366638e-02   -7.95462878e-02   -8.00748398e-56    1.80000000e+00    1.80000000e+00
End of Xyce(TM) Simulation
