Index       V(VI)       N(XM1:MSKY130_FD_PR__NFET_01V8_LVT:VTH) N(XM1:MSKY130_FD_PR__NFET_01V8_LVT:GDS) N(XM1:MSKY130_FD_PR__NFET_01V8_LVT:GM) N(XM1:MSKY130_FD_PR__NFET_01V8_LVT:VDSAT) N(XM2:MSKY130_FD_PR__NFET_01V8:VTH) N(XM2:MSKY130_FD_PR__NFET_01V8:GDS) N(XM2:MSKY130_FD_PR__NFET_01V8:GM) N(XM2:MSKY130_FD_PR__NFET_01V8:VDSAT) ID(XM2:MSKY130_FD_PR__NFET_01V8) N(XM4:MSKY130_FD_PR__PFET_01V8:VTH) N(XM4:MSKY130_FD_PR__PFET_01V8:GDS) N(XM4:MSKY130_FD_PR__PFET_01V8:GM) N(XM4:MSKY130_FD_PR__PFET_01V8:VDSAT) N(XM5:MSKY130_FD_PR__PFET_01V8_HVT:VTH) N(XM5:MSKY130_FD_PR__PFET_01V8_HVT:GDS) N(XM5:MSKY130_FD_PR__PFET_01V8_HVT:GM) N(XM5:MSKY130_FD_PR__PFET_01V8_HVT:VDSAT)      I(VDD)            I(VSIG)            V(VI)           V(SUPPLY)    
0        0.00000000e+00    4.97887634e-01    6.69593676e-13    7.65313655e-11    3.96626172e-02    6.08710157e-01    3.20919112e-14    6.87305725e-12    3.99825778e-02    2.05887535e-12    6.66354549e-01    5.68169487e-06    4.42462503e-04    8.91853874e-01    7.31199437e-01    4.27605595e-06    3.52817907e-04    7.18789655e-01   -7.99417939e-02    2.30324807e-55    0.00000000e+00    1.80000000e+00
1        1.00000000e-01    4.97887634e-01    1.30349402e-11    1.48671390e-09    3.96632604e-02    6.08710157e-01    5.08611870e-13    1.08854728e-10    3.99826462e-02    5.75451544e-12    6.66354549e-01    4.19772796e-06    3.87207835e-04    7.82852901e-01    7.31199437e-01    3.24975604e-06    3.07425930e-04    6.27965891e-01   -7.98073187e-02    0.00000000e+00    1.00000000e-01    1.80000000e+00
2        2.00000000e-01    4.97887634e-01    2.49623717e-10    2.81898314e-08    3.96755709e-02    6.08710157e-01    8.02603916e-12    1.71296972e-09    3.99837254e-02    6.40598684e-11    6.66354549e-01    3.10021694e-06    3.35883771e-04    6.82707769e-01    7.31199437e-01    2.44605216e-06    2.65525245e-04    5.44278402e-01   -7.96880259e-02   -5.92275148e-56    2.00000000e-01    1.80000000e+00
3        3.00000000e-01    4.97887634e-01    4.46194657e-09    4.85064645e-07    3.98946827e-02    6.08710157e-01    1.24523287e-10    2.62954569e-08    4.00004508e-02    9.67959876e-10    6.66354549e-01    2.27030965e-06    2.88145574e-04    5.90286611e-01    7.31199436e-01    1.81130740e-06    2.26759638e-04    4.66824102e-01   -7.95836273e-02   -1.56810504e-56    3.00000000e-01    1.80000000e+00
4        4.00000000e-01    4.97887633e-01    6.20168798e-08    6.20703516e-06    4.28750105e-02    6.08710157e-01    1.81206678e-09    3.69945626e-07    4.02425944e-02    1.41237960e-08    6.66354549e-01    1.63509774e-06    2.43705684e-04    5.04642322e-01    7.31199436e-01    1.30882381e-06    1.90826848e-04    3.94806647e-01   -7.94938303e-02   -6.91424483e-57    4.00000000e-01    1.80000000e+00
5        5.00000000e-01    4.97887627e-01    4.63404643e-07    4.68560037e-05    6.31718692e-02    6.08710156e-01    2.13372028e-08    4.16208149e-06    4.30234470e-02    1.74554454e-07    6.66354549e-01    1.14724425e-06    2.02325054e-04    4.24980240e-01    7.31199436e-01    9.12607658e-07    1.57404507e-04    3.27510508e-01   -7.94197402e-02   -4.61797809e-57    5.00000000e-01    1.80000000e+00
6        6.00000000e-01    4.97887611e-01    1.56518452e-06    1.65423599e-04    1.15608630e-01    6.08710150e-01    1.53384414e-07    3.31312560e-05    6.08891217e-02    1.62204984e-06    6.66354549e-01    7.74573259e-07    1.63766417e-04    3.50648626e-01    7.31199436e-01    6.03925224e-07    1.26015347e-04    2.64318568e-01   -7.93677179e-02    1.11666078e-56    6.00000000e-01    1.80000000e+00
7        7.00000000e-01    4.97887596e-01    3.09960119e-06    3.04612034e-04    1.82381575e-01    6.08710125e-01    5.75200939e-07    1.35659558e-04    1.09490547e-01    9.41307507e-06    6.66354549e-01    4.94461047e-07    1.27727831e-04    2.81182416e-01    7.31199436e-01    3.69538503e-07    9.58919419e-05    2.04861677e-01   -7.93475523e-02   -9.86209848e-57    7.00000000e-01    1.80000000e+00
8        8.00000000e-01    4.97887592e-01    4.74628967e-06    4.23402678e-04    2.47522408e-01    6.08710090e-01    1.31661606e-06    2.73081606e-04    1.75347742e-01    2.99170542e-05    6.66354549e-01    2.90691147e-07    9.38492768e-05    2.16479067e-01    7.31199436e-01    2.00758404e-07    6.62467377e-05    1.49493467e-01   -7.93640895e-02    3.35527107e-56    8.00000000e-01    1.80000000e+00
9        9.00000000e-01    4.97887596e-01    6.42540986e-06    5.26726643e-04    3.08200685e-01    6.08710066e-01    2.29398896e-06    3.90833134e-04    2.41006935e-01    6.33094805e-05    6.66354549e-01    1.51361410e-07    6.21204217e-05    1.57250915e-01    7.31199436e-01    9.15755925e-08    3.79332231e-05    1.00259063e-01   -7.94147933e-02    7.25600324e-56    9.00000000e-01    1.80000000e+00
10       1.00000000e+00    4.97887604e-01    8.13454054e-06    6.17603285e-04    3.64964811e-01    6.08710059e-01    3.46642058e-06    4.89774241e-04    3.02140280e-01    1.07466107e-04    6.66354549e-01    6.63669306e-08    3.41518856e-05    1.05790493e-01    7.31199437e-01    3.33793158e-08    1.57455240e-05    6.15581805e-02   -7.94950454e-02   -4.27888113e-56    1.00000000e+00    1.80000000e+00
11       1.10000000e+00    4.97887612e-01    9.88284096e-06    6.95967262e-04    4.18641232e-01    6.08710063e-01    4.82869460e-06    5.75267174e-04    3.59036300e-01    1.60821519e-04    6.66354549e-01    2.35232956e-08    1.39725105e-05    6.61748327e-02    7.31199437e-01    9.77467092e-09    4.39605986e-06    3.76065085e-02   -7.96001386e-02    2.64047667e-56    1.10000000e+00    1.80000000e+00
12       1.20000000e+00    4.97887619e-01    1.16821943e-05    7.61920558e-04    4.69991738e-01    6.08710075e-01    6.38337290e-06    6.48457650e-04    4.12529814e-01    2.22107325e-04    6.66354549e-01    6.79663969e-09    4.03004459e-06    4.17138127e-02    7.31199437e-01    2.42432181e-09    9.56689153e-07    2.70537506e-02   -7.97252720e-02    4.51640657e-56    1.20000000e+00    1.80000000e+00
13       1.30000000e+00    4.97887625e-01    1.35476527e-05    8.16284808e-04    5.19718336e-01    6.08710090e-01    8.13351899e-06    7.09686168e-04    4.63380469e-01    2.90109516e-04    6.66354549e-01    1.66998604e-09    9.21445238e-07    3.06868958e-02    7.31199437e-01    5.26845145e-10    1.98131621e-07    2.37823426e-02   -7.98663565e-02    1.48719494e-56    1.30000000e+00    1.80000000e+00
14       1.40000000e+00    4.97887628e-01    1.54984456e-05    8.60348278e-04    5.68467472e-01    6.08710105e-01    1.00832651e-05    7.59687599e-04    5.12261943e-01    3.63665093e-04    6.66354549e-01    3.54666805e-10    1.93895469e-07    2.71852152e-02    7.31199437e-01    1.03517044e-10    3.94215043e-08    2.30067697e-02   -8.00202371e-02    3.80160706e-56    1.40000000e+00    1.80000000e+00
15       1.50000000e+00    4.97887631e-01    1.75590127e-05    8.95581735e-04    6.16825488e-01    6.08710119e-01    1.22397276e-05    7.99583936e-04    5.59782844e-01    4.41705380e-04    6.66354549e-01    6.65821317e-11    3.75709848e-08    2.63599226e-02    7.31199437e-01    1.91484312e-11    7.42033646e-09    2.28499341e-02   -8.01842494e-02   -8.89458439e-56    1.50000000e+00    1.80000000e+00
16       1.60000000e+00    4.97887633e-01    1.97603660e-05    9.23452183e-04    6.65315730e-01    6.08710130e-01    1.46148541e-05    8.30671956e-04    6.06492118e-01    5.23284187e-04    6.66354549e-01    1.15719540e-11    6.69733910e-09    2.61995541e-02    7.31199437e-01    3.43735295e-12    1.34552268e-09    2.28206426e-02   -8.03559951e-02   -3.23274109e-56    1.60000000e+00    1.80000000e+00
17       1.70000000e+00    4.97887634e-01    2.21420514e-05    9.45319081e-04    7.14399922e-01    6.08710139e-01    1.72271489e-05    8.54259634e-04    6.52879555e-01    6.07586521e-04    6.66354549e-01    1.93564847e-12    1.13487275e-09    2.61713668e-02    7.31199437e-01    6.08735764e-13    2.39420709e-10    2.28153661e-02   -8.05334587e-02    1.16370234e-56    1.70000000e+00    1.80000000e+00
18       1.80000000e+00    4.97887634e-01    2.47550135e-05    9.62383944e-04    7.64482886e-01    6.08710146e-01    2.01034853e-05    8.71571191e-04    6.99377321e-01    6.93924499e-04    6.66354549e-01    3.18354162e-13    1.87722079e-10    2.61666333e-02    7.31199437e-01    1.07173534e-13    4.22404014e-11    2.28144304e-02   -8.07151033e-02   -3.98413306e-56    1.80000000e+00    1.80000000e+00
End of Xyce(TM) Simulation
