Index       V(VI)       N(XM1:MSKY130_FD_PR__NFET_01V8_LVT:VTH) N(XM1:MSKY130_FD_PR__NFET_01V8_LVT:GDS) N(XM1:MSKY130_FD_PR__NFET_01V8_LVT:GM) N(XM1:MSKY130_FD_PR__NFET_01V8_LVT:VDSAT) N(XM2:MSKY130_FD_PR__NFET_01V8:VTH) N(XM2:MSKY130_FD_PR__NFET_01V8:GDS) N(XM2:MSKY130_FD_PR__NFET_01V8:GM) N(XM2:MSKY130_FD_PR__NFET_01V8:VDSAT) ID(XM2:MSKY130_FD_PR__NFET_01V8) N(XM4:MSKY130_FD_PR__PFET_01V8:VTH) N(XM4:MSKY130_FD_PR__PFET_01V8:GDS) N(XM4:MSKY130_FD_PR__PFET_01V8:GM) N(XM4:MSKY130_FD_PR__PFET_01V8:VDSAT) N(XM5:MSKY130_FD_PR__PFET_01V8_HVT:VTH) N(XM5:MSKY130_FD_PR__PFET_01V8_HVT:GDS) N(XM5:MSKY130_FD_PR__PFET_01V8_HVT:GM) N(XM5:MSKY130_FD_PR__PFET_01V8_HVT:VDSAT)      I(VDD)            I(VSIG)            V(VI)           V(SUPPLY)    
0        0.00000000e+00    4.62142165e-01    3.99140521e-12    5.84022517e-10    3.66337302e-02    5.45908550e-01    4.72184909e-13    1.18198023e-10    3.93415329e-02    6.13349107e-12    7.27184789e-01    8.52295548e-06    1.85393660e-03    6.71162343e-01    7.84152580e-01    8.73804520e-06    1.85779306e-03    5.81721343e-01   -8.29889944e-02    6.74417422e-55    0.00000000e+00    1.80000000e+00
1        1.00000000e-01    4.62142165e-01    9.55084723e-11    1.39223559e-08    3.66348000e-02    5.45908550e-01    7.27098492e-12    1.81809140e-09    3.93417460e-02    6.83859718e-11    7.27184785e-01    6.57299781e-06    1.64889753e-03    5.94432390e-01    7.84152580e-01    6.54715089e-06    1.56864135e-03    4.95772503e-01   -8.23094804e-02    1.05668736e-55    1.00000000e-01    1.80000000e+00
2        2.00000000e-01    4.62142165e-01    2.21975147e-09    3.17997086e-07    3.66596293e-02    5.45908550e-01    1.11245718e-10    2.77006841e-08    3.93450051e-02    1.02048396e-09    7.27184780e-01    5.01121059e-06    1.45099494e-03    5.21917479e-01    7.84152580e-01    4.84440190e-06    1.32045541e-03    4.18701990e-01   -8.17073786e-02   -1.51294781e-56    2.00000000e-01    1.80000000e+00
3        3.00000000e-01    4.62142164e-01    4.52972164e-08    6.08761679e-06    3.71626040e-02    5.45908550e-01    1.66043010e-09    4.07420150e-07    3.93935605e-02    1.52207320e-08    7.27184776e-01    3.75616945e-06    1.26000441e-03    4.53248651e-01    7.84152580e-01    3.50492306e-06    1.10448954e-03    3.48837552e-01   -8.11814386e-02    3.22927577e-57    3.00000000e-01    1.80000000e+00
4        4.00000000e-01    4.62142155e-01    5.92243103e-07    7.34378316e-05    4.35016260e-02    5.45908549e-01    2.26330714e-08    5.35939972e-06    4.00501951e-02    2.10102518e-07    7.27184774e-01    2.74926315e-06    1.07581254e-03    3.88098297e-01    7.84152580e-01    2.44613771e-06    9.11973017e-04    2.84778571e-01   -8.07318236e-02   -6.95488709e-56    4.00000000e-01    1.80000000e+00
5        5.00000000e-01    4.62142096e-01    3.33975690e-06    4.50695042e-04    7.45095986e-02    5.45908541e-01    2.32747982e-07    5.66751964e-05    4.65578247e-02    2.42866320e-06    7.27184773e-01    1.94712806e-06    8.98255209e-04    3.26182677e-01    7.84152580e-01    1.61432575e-06    7.32358219e-04    2.25466707e-01   -8.03739727e-02    1.96793815e-56    5.00000000e-01    1.80000000e+00
6        6.00000000e-01    4.62141982e-01    8.77891121e-06    1.21555300e-03    1.32971385e-01    5.45908483e-01    1.33266097e-06    4.04966138e-04    7.86947028e-02    2.11273988e-05    7.27184774e-01    1.31706466e-06    7.26831804e-04    2.67289227e-01    7.84152580e-01    9.78247702e-07    5.53588034e-04    1.70496159e-01   -8.01593391e-02    6.14154823e-56    6.00000000e-01    1.80000000e+00
7        7.00000000e-01    4.62141904e-01    1.53076357e-05    1.99937238e-03    1.99184493e-01    5.45908328e-01    3.93870800e-06    1.22800123e-03    1.44528665e-01    1.00877960e-04    7.27184777e-01    8.34335948e-07    5.60446807e-04    2.11376592e-01    7.84152580e-01    5.23322950e-07    3.69922725e-04    1.20727740e-01   -8.01494264e-02    6.04984821e-56    7.00000000e-01    1.80000000e+00
8        8.00000000e-01    4.62141896e-01    2.21122051e-05    2.71727149e-03    2.64339317e-01    5.45908177e-01    7.59970386e-06    1.99665917e-03    2.20009997e-01    2.63910798e-04    7.27184782e-01    4.80513446e-07    3.98193692e-04    1.58858838e-01    7.84152580e-01    2.37679365e-07    1.98754980e-04    7.87950576e-02   -8.03579435e-02    1.05128120e-56    8.00000000e-01    1.80000000e+00
9        9.00000000e-01    4.62141934e-01    2.90727384e-05    3.38673985e-03    3.27318899e-01    5.45908110e-01    1.19075632e-05    2.60380204e-03    2.92309470e-01    4.94766621e-04    7.27184788e-01    2.41304705e-07    2.44081109e-04    1.11222587e-01    7.84152580e-01    9.06725756e-08    7.84662226e-05    4.81514049e-02   -8.07567378e-02   -1.34573211e-55    9.00000000e-01    1.80000000e+00
10       1.00000000e+00    4.62141991e-01    3.62300578e-05    4.00647388e-03    3.88430118e-01    5.45908119e-01    1.68507018e-05    3.14853875e-03    3.60853496e-01    7.82707715e-04    7.27184792e-01    1.00962401e-07    1.16015688e-04    7.17178129e-02    7.84152580e-01    3.01481286e-08    2.28625128e-05    3.00362777e-02   -8.13192566e-02    1.84777270e-56    1.00000000e+00    1.80000000e+00
11       1.10000000e+00    4.62142048e-01    4.36685204e-05    4.57143696e-03    4.48153853e-01    5.45908177e-01    2.25325887e-05    3.65672384e-03    4.26798671e-01    1.12327184e-03    7.27184794e-01    3.43331778e-08    3.87181613e-05    4.44125296e-02    7.84152580e-01    9.15037155e-09    5.73637526e-06    2.16727597e-02   -8.20236265e-02    7.70840624e-56    1.10000000e+00    1.80000000e+00
12       1.20000000e+00    4.62142093e-01    5.15073908e-05    5.08102437e-03    5.07019449e-01    5.45908255e-01    2.90664577e-05    4.12421834e-03    4.90888787e-01    1.51267391e-03    7.27184795e-01    9.49608787e-09    9.44205891e-06    3.02702060e-02    7.84152580e-01    2.57982864e-09    1.45340710e-06    1.86062036e-02   -8.28504605e-02   -4.86724535e-56    1.20000000e+00    1.80000000e+00
13       1.30000000e+00    4.62142125e-01    5.99077256e-05    5.53912902e-03    5.65587597e-01    5.45908336e-01    3.65686730e-05    4.54543680e-03    5.53550825e-01    1.94654400e-03    7.27184795e-01    2.13666949e-09    1.99577363e-06    2.51603960e-02    7.84152580e-01    6.82818795e-10    3.76154531e-07    1.76634116e-02   -8.37840639e-02    1.08173710e-55    1.30000000e+00    1.80000000e+00
14       1.40000000e+00    4.62142145e-01    6.90846464e-05    5.95257703e-03    6.24432076e-01    5.45908406e-01    4.51694773e-05    4.91814335e-03    6.15083613e-01    2.42011783e-03    7.27184795e-01    4.01590951e-10    3.83943607e-07    2.38610266e-02    7.84152580e-01    1.72779156e-10    9.58187700e-08    1.74048832e-02   -8.48120788e-02    1.31035116e-56    1.40000000e+00    1.80000000e+00
15       1.50000000e+00    4.62142156e-01    7.93275317e-05    6.32970075e-03    6.84123001e-01    5.45908461e-01    5.50246314e-05    5.24268881e-03    6.75740555e-01    2.92854619e-03    7.27184795e-01    6.72374113e-11    6.63756636e-08    2.36057739e-02    7.84152580e-01    4.25536602e-11    2.38169418e-08    1.73385171e-02   -8.59235392e-02   -3.68354762e-56    1.50000000e+00    1.80000000e+00
16       1.60000000e+00    4.62142162e-01    9.10330567e-05    6.67930235e-03    7.45215851e-01    5.45908499e-01    6.63277135e-05    5.52091980e-03    7.35756405e-01    3.46709639e-03    7.27184795e-01    1.06261917e-11    1.06790887e-08    2.35623939e-02    7.84152580e-01    1.03275984e-11    5.81575735e-09    1.73220712e-02   -8.71077310e-02    1.79442590e-57    1.60000000e+00    1.80000000e+00
17       1.70000000e+00    4.62142164e-01    1.04759261e-04    7.00995555e-03    8.08246497e-01    5.45908523e-01    7.93251402e-05    5.75548394e-03    7.95353717e-01    4.03126435e-03    7.27184795e-01    1.63785247e-12    1.65909198e-09    2.35555020e-02    7.84152580e-01    2.48754363e-12    1.40558409e-09    1.73180688e-02   -8.83547670e-02    3.95895737e-56    1.70000000e+00    1.80000000e+00
18       1.80000000e+00    4.62142165e-01    1.21315538e-04    7.32953936e-03    8.73730863e-01    5.45908537e-01    9.43362626e-05    5.94941840e-03    8.54743246e-01    4.61683270e-03    7.27184795e-01    2.49890333e-13    2.53951980e-10    2.35544377e-02    7.84152580e-01    5.96884360e-13    3.37865403e-10    1.73171035e-02   -8.96568742e-02   -3.77339386e-56    1.80000000e+00    1.80000000e+00
End of Xyce(TM) Simulation
