Index       V(VI)       N(XM1:MSKY130_FD_PR__NFET_01V8_LVT:VTH) N(XM1:MSKY130_FD_PR__NFET_01V8_LVT:GDS) N(XM1:MSKY130_FD_PR__NFET_01V8_LVT:GM) N(XM1:MSKY130_FD_PR__NFET_01V8_LVT:VDSAT) N(XM2:MSKY130_FD_PR__NFET_01V8:VTH) N(XM2:MSKY130_FD_PR__NFET_01V8:GDS) N(XM2:MSKY130_FD_PR__NFET_01V8:GM) N(XM2:MSKY130_FD_PR__NFET_01V8:VDSAT) ID(XM2:MSKY130_FD_PR__NFET_01V8) N(XM4:MSKY130_FD_PR__PFET_01V8:VTH) N(XM4:MSKY130_FD_PR__PFET_01V8:GDS) N(XM4:MSKY130_FD_PR__PFET_01V8:GM) N(XM4:MSKY130_FD_PR__PFET_01V8:VDSAT) N(XM5:MSKY130_FD_PR__PFET_01V8_HVT:VTH) N(XM5:MSKY130_FD_PR__PFET_01V8_HVT:GDS) N(XM5:MSKY130_FD_PR__PFET_01V8_HVT:GM) N(XM5:MSKY130_FD_PR__PFET_01V8_HVT:VDSAT)      I(VDD)            I(VSIG)            V(VI)           V(SUPPLY)    
0        0.00000000e+00    4.47982310e-01    2.03520523e-12    3.55699191e-10    3.69262489e-02    5.35271560e-01    3.39915574e-13    9.17637048e-11    3.85389097e-02    5.15632376e-12    7.41454051e-01    2.60829778e-06    9.56475489e-04    6.10185026e-01    7.89753518e-01    3.15576838e-06    9.14152885e-04    5.39550133e-01   -8.11892916e-02    1.25553846e-54    0.00000000e+00    1.80000000e+00
1        1.00000000e-01    4.47982310e-01    5.45912402e-11    9.49563123e-09    3.69276515e-02    5.35271560e-01    5.27682124e-12    1.42263935e-09    3.85392100e-02    5.37583804e-11    7.41454051e-01    2.04026137e-06    8.60116368e-04    5.44086614e-01    7.89753518e-01    2.61397742e-06    7.98497693e-04    4.68886886e-01   -8.08235046e-02   -1.45760479e-56    1.00000000e-01    1.80000000e+00
2        2.00000000e-01    4.47982310e-01    1.40767163e-09    2.39283435e-07    3.69637576e-02    5.35271560e-01    8.12757638e-11    2.18013307e-08    3.85438330e-02    8.02017849e-10    7.41454051e-01    1.57325547e-06    7.64742790e-04    4.80612873e-01    7.89753518e-01    2.14370310e-06    6.92977146e-04    4.02947603e-01   -8.05000680e-02    4.59752477e-56    2.00000000e-01    1.80000000e+00
3        3.00000000e-01    4.47982310e-01    3.03325421e-08    4.75190524e-06    3.77345894e-02    5.35271560e-01    1.21443926e-09    3.20127957e-07    3.86127610e-02    1.19759686e-08    7.41454051e-01    1.18989679e-06    6.70493431e-04    4.19594051e-01    7.89753518e-01    1.72986087e-06    5.95771187e-04    3.40928245e-01   -8.02184415e-02    1.35578438e-55    3.00000000e-01    1.80000000e+00
4        4.00000000e-01    4.47982300e-01    3.69811914e-07    5.43311465e-05    4.67118546e-02    5.35271559e-01    1.62459090e-08    4.12761785e-06    3.95267227e-02    1.63249155e-07    7.41454051e-01    8.76915817e-07    5.77512076e-04    3.60876120e-01    7.89753518e-01    1.36128570e-06    5.04025163e-04    2.82077207e-01   -7.99791487e-02   -4.79125479e-56    4.00000000e-01    1.80000000e+00
5        5.00000000e-01    4.47982247e-01    1.82422309e-06    3.00538424e-04    8.43576230e-02    5.35271553e-01    1.55489359e-07    4.20826614e-05    4.79603900e-02    1.83239504e-06    7.41454051e-01    6.24000770e-07    4.85859364e-04    3.04329933e-01    7.89753518e-01    1.03046133e-06    4.12991543e-04    2.25838993e-01   -7.97930385e-02    9.46040285e-56    5.00000000e-01    1.80000000e+00
6        6.00000000e-01    4.47982156e-01    4.43292447e-06    7.44083850e-04    1.49915624e-01    5.35271514e-01    7.74851658e-07    2.71138985e-04    8.47638175e-02    1.49155271e-05    7.41454051e-01    4.23071456e-07    3.95360017e-04    2.49887861e-01    7.89753518e-01    7.34757336e-07    3.16520514e-04    1.72256568e-01   -7.96910990e-02    7.27960937e-56    6.00000000e-01    1.80000000e+00
7        7.00000000e-01    4.47982104e-01    7.51601453e-06    1.20157182e-03    2.25483783e-01    5.35271424e-01    1.98259787e-06    7.36222958e-04    1.53270472e-01    6.46381339e-05    7.41454051e-01    2.67863218e-07    3.05504426e-04    1.97660259e-01    7.89753518e-01    4.78728398e-07    2.12571815e-04    1.22705268e-01   -7.97067085e-02    5.23022654e-56    7.00000000e-01    1.80000000e+00
8        8.00000000e-01    4.47982116e-01    1.07832406e-05    1.64727209e-03    3.04244599e-01    5.35271346e-01    3.43857835e-06    1.16103557e-03    2.30322698e-01    1.60316161e-04    7.41454051e-01    1.53652398e-07    2.16094932e-04    1.48248704e-01    7.89753518e-01    2.74320671e-07    1.13894550e-04    8.04565645e-02   -7.98463866e-02   -1.47921812e-55    8.00000000e-01    1.80000000e+00
9        9.00000000e-01    4.47982165e-01    1.41848375e-05    2.08794083e-03    3.85336633e-01    5.35271320e-01    4.98331681e-06    1.51799253e-03    3.05739535e-01    2.94588915e-04    7.41454051e-01    7.66070068e-08    1.30411296e-04    1.03388670e-01    7.89753518e-01    1.33272362e-07    4.49538419e-05    4.95294807e-02   -8.00979764e-02   -7.22658539e-56    9.00000000e-01    1.80000000e+00
10       1.00000000e+00    4.47982222e-01    1.77250656e-05    2.52016016e-03    4.68914629e-01    5.35271336e-01    6.62601897e-06    1.85154495e-03    3.79167004e-01    4.63183677e-04    7.41454051e-01    3.18157458e-08    6.02596270e-05    6.65450719e-02    7.89753518e-01    5.38805556e-08    1.33702649e-05    3.13390654e-02   -8.04501576e-02   -1.67169637e-55    1.00000000e+00    1.80000000e+00
11       1.10000000e+00    4.47982267e-01    2.14299493e-05    2.93802483e-03    5.55232427e-01    5.35271378e-01    8.40843515e-06    2.17072709e-03    4.51484537e-01    6.64420769e-04    7.41454051e-01    1.07815777e-08    1.95547553e-05    4.16248448e-02    7.89753518e-01    1.83372352e-08    3.50369487e-06    2.29848374e-02   -8.08930761e-02   -1.49338832e-55    1.10000000e+00    1.80000000e+00
12       1.20000000e+00    4.47982294e-01    2.53525774e-05    3.33667221e-03    6.44562540e-01    5.35271428e-01    1.03765407e-05    2.47200600e-03    5.23227286e-01    8.96717618e-04    7.41454051e-01    2.97330689e-09    4.73900530e-06    2.90660948e-02    7.89753518e-01    5.45345155e-09    9.23959632e-07    1.99218552e-02   -8.14178077e-02   -1.30445995e-56    1.20000000e+00    1.80000000e+00
13       1.30000000e+00    4.47982305e-01    2.95888349e-05    3.71285441e-03    7.37203905e-01    5.35271474e-01    1.25835076e-05    2.75148862e-03    5.94677855e-01    1.15807877e-03    7.41454051e-01    6.63516411e-10    1.00684826e-06    2.46395923e-02    7.89753518e-01    1.48253790e-09    2.45207954e-07    1.89739608e-02   -8.20170267e-02    4.25081825e-56    1.30000000e+00    1.80000000e+00
14       1.40000000e+00    4.47982309e-01    3.43061768e-05    4.06483999e-03    8.33488043e-01    5.35271510e-01    1.50964081e-05    3.00691785e-03    6.66019536e-01    1.44619961e-03    7.41454051e-01    1.23313152e-10    1.92811848e-07    2.35357611e-02    7.89753518e-01    3.82270475e-10    6.36061159e-08    1.87109917e-02   -8.26846094e-02   -8.87823880e-56    1.40000000e+00    1.80000000e+00
15       1.50000000e+00    4.47982310e-01    3.97997536e-05    4.39215801e-03    9.33781287e-01    5.35271534e-01    1.80039115e-05    3.23734525e-03    7.37404932e-01    1.75861886e-03    7.41454051e-01    2.04230199e-11    3.30030607e-08    2.33221521e-02    7.89753518e-01    9.57745345e-11    1.60766843e-08    1.86424946e-02   -8.34146572e-02   -1.84410579e-55    1.50000000e+00    1.80000000e+00
16       1.60000000e+00    4.47982310e-01    4.66106756e-05    4.69520678e-03    1.03848592e+00    5.35271548e-01    2.14265905e-05    3.44266898e-03    8.08979129e-01    2.09282544e-03    7.41454051e-01    3.19613817e-12    5.25661466e-09    2.32862788e-02    7.89753518e-01    2.36401731e-11    3.99190799e-09    1.86252468e-02   -8.42009831e-02    1.28645293e-55    1.60000000e+00    1.80000000e+00
17       1.70000000e+00    4.47982310e-01    5.57972044e-05    4.97460014e-03    1.14804158e+00    5.35271555e-01    2.55323820e-05    3.62333056e-03    8.80885716e-01    2.44632698e-03    7.41454051e-01    4.88158705e-13    8.09048870e-10    2.32806368e-02    7.89753518e-01    5.79125495e-12    9.81198609e-10    1.86209789e-02   -8.50373196e-02   -1.48830402e-55    1.70000000e+00    1.80000000e+00
18       1.80000000e+00    4.47982310e-01    6.96211010e-05    5.22985521e-03    1.26292753e+00    5.35271558e-01    3.05610785e-05    3.78011575e-03    9.53267286e-01    2.81669393e-03    7.41454051e-01    7.38285638e-14    1.22740852e-10    2.32797735e-02    7.89753518e-01    1.41337339e-12    2.39885164e-10    1.86199321e-02   -8.59178781e-02    2.80841925e-55    1.80000000e+00    1.80000000e+00
End of Xyce(TM) Simulation
