Index       V(VI)       N(XM1:MSKY130_FD_PR__NFET_01V8_LVT:VTH) N(XM1:MSKY130_FD_PR__NFET_01V8_LVT:GDS) N(XM1:MSKY130_FD_PR__NFET_01V8_LVT:GM) N(XM1:MSKY130_FD_PR__NFET_01V8_LVT:VDSAT) N(XM2:MSKY130_FD_PR__NFET_01V8:VTH) N(XM2:MSKY130_FD_PR__NFET_01V8:GDS) N(XM2:MSKY130_FD_PR__NFET_01V8:GM) N(XM2:MSKY130_FD_PR__NFET_01V8:VDSAT) ID(XM2:MSKY130_FD_PR__NFET_01V8) N(XM4:MSKY130_FD_PR__PFET_01V8:VTH) N(XM4:MSKY130_FD_PR__PFET_01V8:GDS) N(XM4:MSKY130_FD_PR__PFET_01V8:GM) N(XM4:MSKY130_FD_PR__PFET_01V8:VDSAT) N(XM5:MSKY130_FD_PR__PFET_01V8_HVT:VTH) N(XM5:MSKY130_FD_PR__PFET_01V8_HVT:GDS) N(XM5:MSKY130_FD_PR__PFET_01V8_HVT:GM) N(XM5:MSKY130_FD_PR__PFET_01V8_HVT:VDSAT)      I(VDD)            I(VSIG)            V(VI)           V(SUPPLY)    
0        0.00000000e+00    5.33918478e-01    3.76637527e-13    4.34656545e-11    4.24979445e-02    6.34635351e-01    2.81376893e-14    3.99637480e-12    3.99454133e-02    1.95890012e-12    6.10792840e-01    1.00826780e-05    3.41251805e-04    8.96118096e-01    6.40909103e-01    1.17210467e-05    5.25889913e-04    1.07501711e+00   -7.98492802e-02    2.63856052e-55    0.00000000e+00    1.80000000e+00
1        1.00000000e-01    5.33918478e-01    6.27379588e-12    7.23906571e-10    4.24983489e-02    6.34635351e-01    4.09184695e-13    5.85256446e-11    3.99454620e-02    3.99188773e-12    6.10792840e-01    7.95935401e-06    3.05459838e-04    7.95262275e-01    6.40909103e-01    7.97096774e-06    4.29381012e-04    8.97765418e-01   -7.97351463e-02    0.00000000e+00    1.00000000e-01    1.80000000e+00
2        2.00000000e-01    5.33918478e-01    1.03419723e-10    1.18714533e-08    4.25050212e-02    6.34635351e-01    5.92415957e-12    8.52833054e-10    3.99461731e-02    3.36757596e-11    6.10792840e-01    6.26128990e-06    2.70810802e-04    7.01406686e-01    6.40909103e-01    5.57831955e-06    3.50449918e-04    7.48661602e-01   -7.96343007e-02    4.16228451e-57    2.00000000e-01    1.80000000e+00
3        3.00000000e-01    5.33918478e-01    1.63581605e-09    1.83516122e-07    4.26103858e-02    6.34635351e-01    8.43770214e-11    1.21994093e-08    3.99564184e-02    4.61446481e-10    6.10792840e-01    4.88624556e-06    2.37350991e-04    6.13758705e-01    6.40909103e-01    3.92776369e-06    2.85481152e-04    6.20796453e-01   -7.95457008e-02    1.21538454e-56    3.00000000e-01    1.80000000e+00
4        4.00000000e-01    5.33918477e-01    2.22674496e-08    2.35197565e-06    4.40257452e-02    6.34635351e-01    1.13508751e-09    1.63708120e-07    4.00968886e-02    6.34766625e-09    6.10792840e-01    3.76523246e-06    2.05126555e-04    5.31646259e-01    6.40909103e-01    2.73489525e-06    2.31199673e-04    5.09148145e-01   -7.94685954e-02    8.05233944e-57    4.00000000e-01    1.80000000e+00
5        5.00000000e-01    5.33918473e-01    1.98845517e-07    2.07132286e-05    5.58608628e-02    6.34635351e-01    1.30124882e-08    1.85662618e-06    4.17224432e-02    7.73427498e-08    6.10792840e-01    2.84965030e-06    1.74190314e-04    4.54501506e-01    6.40909103e-01    1.85066030e-06    1.84656299e-04    4.10021469e-01   -7.94030708e-02    3.08010302e-56    5.00000000e-01    1.80000000e+00
6        6.00000000e-01    5.33918457e-01    8.80787058e-07    9.97145255e-05    9.78005201e-02    6.34635349e-01    1.11671400e-07    1.63265513e-05    5.35939907e-02    7.59022365e-07    6.10792840e-01    2.10388989e-06    1.44587170e-04    3.81856880e-01    6.40909103e-01    1.19155252e-06    1.43031602e-04    3.20885556e-01   -7.93528126e-02    2.72421549e-57    6.00000000e-01    1.80000000e+00
7        7.00000000e-01    5.33918439e-01    2.11391907e-06    2.24450199e-04    1.62155679e-01    6.34635340e-01    5.68667693e-07    8.43860584e-05    9.28088719e-02    5.18060561e-06    6.10792840e-01    1.50090819e-06    1.16323827e-04    3.13369619e-01    6.40909103e-01    7.10374550e-07    1.03963707e-04    2.40604609e-01   -7.93268569e-02   -1.80871939e-56    7.00000000e-01    1.80000000e+00
8        8.00000000e-01    5.33918432e-01    3.61462103e-06    3.30479743e-04    2.26323851e-01    6.34635322e-01    1.47924763e-06    1.99534256e-04    1.52837318e-01    1.93025772e-05    6.10792840e-01    1.01961913e-06    8.93508716e-05    2.48917431e-01    6.40909103e-01    3.79836504e-07    6.70456078e-05    1.69945132e-01   -7.93317284e-02    2.36876752e-56    8.00000000e-01    1.80000000e+00
9        9.00000000e-01    5.33918436e-01    5.24130748e-06    4.14086247e-04    2.83768029e-01    6.34635309e-01    2.60501702e-06    3.01046010e-04    2.13694339e-01    4.45444486e-05    6.10792840e-01    6.43773081e-07    6.36768636e-05    1.88857310e-01    6.40909103e-01    1.77380016e-07    3.55962832e-05    1.11696640e-01   -7.93658820e-02    2.15382351e-56    9.00000000e-01    1.80000000e+00
10       1.00000000e+00    5.33918443e-01    6.96570789e-06    4.82578653e-04    3.35106730e-01    6.34635303e-01    3.87623181e-06    3.80627660e-04    2.68675544e-01    7.87776983e-05    6.10792840e-01    3.62517883e-07    3.99056953e-05    1.34559745e-01    6.40909103e-01    7.22021658e-08    1.46119597e-05    6.91565284e-02   -7.94242961e-02   -1.77994670e-56    1.00000000e+00    1.80000000e+00
11       1.10000000e+00    5.33918451e-01    8.78251188e-06    5.38114290e-04    3.81730142e-01    6.34635303e-01    5.29827549e-06    4.45087310e-04    3.17973692e-01    1.20172802e-04    6.10792840e-01    1.71139875e-07    2.01959036e-05    8.90021067e-02    6.40909103e-01    2.63966439e-08    4.66989428e-06    4.30266902e-02   -7.95022822e-02    3.07253570e-56    1.10000000e+00    1.80000000e+00
12       1.20000000e+00    5.33918458e-01    1.06877649e-05    5.81557390e-04    4.24813319e-01    6.34635307e-01    6.86738739e-06    4.97256803e-04    3.62796816e-01    1.67386317e-04    6.10792840e-01    6.39128366e-08    7.59032970e-06    5.60634711e-02    6.40909103e-01    8.96164960e-09    1.30037159e-06    2.98964283e-02   -7.95957453e-02   -4.13052885e-56    1.20000000e+00    1.80000000e+00
13       1.30000000e+00    5.33918464e-01    1.26780892e-05    6.14037983e-04    4.65317992e-01    6.34635312e-01    8.57332658e-06    5.38338915e-04    4.04231616e-01    2.19253005e-04    6.10792840e-01    1.89558048e-08    2.14154846e-06    3.72401378e-02    6.40909103e-01    2.85762107e-09    3.61781159e-07    2.44619420e-02   -7.97011042e-02    1.45907581e-56    1.30000000e+00    1.80000000e+00
14       1.40000000e+00    5.33918469e-01    1.47522637e-05    6.36963642e-04    5.04043036e-01    6.34635319e-01    1.04060803e-05    5.69526427e-04    4.43182761e-01    2.74722255e-04    6.10792840e-01    4.73224244e-09    5.14691311e-07    2.92952766e-02    6.40909103e-01    8.59737850e-10    1.03951057e-07    2.25436621e-02   -7.98153276e-02    1.22295439e-56    1.40000000e+00    1.80000000e+00
15       1.50000000e+00    5.33918472e-01    1.69122186e-05    6.51797042e-04    5.41651650e-01    6.34635325e-01    1.23584584e-05    5.92176533e-04    4.80410250e-01    3.32871765e-04    6.10792840e-01    1.01963661e-09    1.12034662e-07    2.68806519e-02    6.40909103e-01    2.47025726e-10    2.98249493e-08    2.19390374e-02   -7.99358524e-02   -6.43269747e-57    1.50000000e+00    1.80000000e+00
16       1.60000000e+00    5.33918474e-01    1.91634948e-05    6.59908393e-04    5.78689434e-01    6.34635331e-01    1.44269935e-05    6.07662627e-04    5.16553380e-01    3.92917010e-04    6.10792840e-01    1.92262755e-10    2.16052062e-08    2.63284586e-02    6.40909103e-01    6.88333543e-11    8.38400494e-09    2.17616700e-02   -8.00604890e-02   -2.08417226e-56    1.60000000e+00    1.80000000e+00
17       1.70000000e+00    5.33918476e-01    2.15154644e-05    6.62510214e-04    6.15600494e-01    6.34635336e-01    1.66123050e-05    6.17254135e-04    5.52146435e-01    4.54206278e-04    6.10792840e-01    3.31685096e-11    3.78068919e-09    2.62237705e-02    6.40909103e-01    1.88334628e-11    2.31158865e-09    2.17117757e-02   -8.01874683e-02    1.34711612e-56    1.70000000e+00    1.80000000e+00
18       1.80000000e+00    5.33918477e-01    2.39815142e-05    6.60640429e-04    6.52742760e-01    6.34635340e-01    1.89192947e-05    6.22062202e-04    5.87632401e-01    5.16207100e-04    6.10792840e-01    5.46816919e-12    6.27493663e-10    2.62057772e-02    6.40909103e-01    5.10085089e-12    6.29132456e-10    2.16980623e-02   -8.03154568e-02   -6.75072925e-57    1.80000000e+00    1.80000000e+00
End of Xyce(TM) Simulation
