Index       V(VI)       N(XM1:MSKY130_FD_PR__NFET_01V8_LVT:VTH) N(XM1:MSKY130_FD_PR__NFET_01V8_LVT:GDS) N(XM1:MSKY130_FD_PR__NFET_01V8_LVT:GM) N(XM1:MSKY130_FD_PR__NFET_01V8_LVT:VDSAT) N(XM2:MSKY130_FD_PR__NFET_01V8:VTH) N(XM2:MSKY130_FD_PR__NFET_01V8:GDS) N(XM2:MSKY130_FD_PR__NFET_01V8:GM) N(XM2:MSKY130_FD_PR__NFET_01V8:VDSAT) ID(XM2:MSKY130_FD_PR__NFET_01V8) N(XM4:MSKY130_FD_PR__PFET_01V8:VTH) N(XM4:MSKY130_FD_PR__PFET_01V8:GDS) N(XM4:MSKY130_FD_PR__PFET_01V8:GM) N(XM4:MSKY130_FD_PR__PFET_01V8:VDSAT) N(XM5:MSKY130_FD_PR__PFET_01V8_HVT:VTH) N(XM5:MSKY130_FD_PR__PFET_01V8_HVT:GDS) N(XM5:MSKY130_FD_PR__PFET_01V8_HVT:GM) N(XM5:MSKY130_FD_PR__PFET_01V8_HVT:VDSAT)      I(VDD)            I(VSIG)            V(VI)           V(SUPPLY)    
0        0.00000000e+00    5.03877285e-01    3.36642323e-13    3.71405989e-11    4.08464183e-02    6.14506974e-01    1.13645656e-14    2.85067324e-12    4.11925197e-02    1.91218459e-12    6.54894040e-01    2.59697837e-06    1.91184454e-04    8.21220441e-01    7.06880088e-01    2.24250412e-06    1.81743511e-04    7.34742962e-01   -7.95419628e-02    2.28968261e-55    0.00000000e+00    1.80000000e+00
1        1.00000000e-01    5.03877285e-01    6.31475870e-12    6.95264580e-10    4.08470616e-02    6.14506974e-01    1.85124974e-13    4.64079856e-11    4.11925805e-02    3.47471353e-12    6.54894040e-01    1.97671917e-06    1.68956410e-04    7.25446893e-01    7.06880088e-01    1.69185854e-06    1.57463563e-04    6.41407048e-01   -7.94793244e-02    0.00000000e+00    1.00000000e-01    1.80000000e+00
2        2.00000000e-01    5.03877285e-01    1.16623449e-10    1.27191549e-08    4.08589335e-02    6.14506974e-01    3.00226238e-12    7.50655278e-10    4.11935660e-02    2.88138254e-11    6.54894040e-01    1.49388339e-06    1.47851742e-04    6.36472102e-01    7.06880088e-01    1.26523207e-06    1.35406512e-04    5.55642102e-01   -7.94233325e-02    3.20141799e-56    2.00000000e-01    1.80000000e+00
3        3.00000000e-01    5.03877285e-01    2.01948499e-09    2.12445336e-07    4.10636743e-02    6.14506974e-01    4.78385746e-11    1.18401431e-08    4.12092607e-02    4.32500446e-10    6.54894040e-01    1.11436718e-06    1.27829940e-04    5.53542273e-01    7.06880088e-01    9.30939919e-07    1.15340487e-04    4.76343695e-01   -7.93739317e-02    1.03841847e-56    3.00000000e-01    1.80000000e+00
4        4.00000000e-01    5.03877284e-01    2.76803484e-08    2.68435363e-06    4.38137371e-02    6.14506974e-01    7.13102795e-10    1.70751204e-07    4.14423776e-02    6.46033396e-09    6.54894040e-01    8.15129503e-07    1.08867648e-04    4.76016679e-01    7.06880088e-01    6.67692302e-07    9.70311698e-05    4.02506423e-01   -7.93310539e-02   -1.42721197e-56    4.00000000e-01    1.80000000e+00
5        5.00000000e-01    5.03877282e-01    2.10845131e-07    2.04435662e-05    6.30362317e-02    6.14506974e-01    8.57651873e-09    1.95571394e-06    4.41706230e-02    8.14472482e-08    6.54894040e-01    5.79945438e-07    9.09527852e-05    4.03353569e-01    7.06880088e-01    4.60745405e-07    8.01634051e-05    3.33204551e-01   -7.92952366e-02   -4.17463042e-56    5.00000000e-01    1.80000000e+00
6        6.00000000e-01    5.03877273e-01    7.34118621e-07    7.49274860e-05    1.15044009e-01    6.14506971e-01    6.43768363e-08    1.58163110e-05    6.18344094e-02    7.68364434e-07    6.54894040e-01    3.96980505e-07    7.40700285e-05    3.35110899e-01    7.06880088e-01    2.99922234e-07    6.42325474e-05    2.67668058e-01   -7.92694656e-02   -8.56315167e-56    6.00000000e-01    1.80000000e+00
7        7.00000000e-01    5.03877266e-01    1.47838484e-06    1.41763679e-04    1.83227579e-01    6.14506963e-01    2.61865736e-07    6.61266088e-05    1.10144441e-01    4.53416457e-06    6.54894040e-01    2.57363107e-07    5.81804946e-05    2.70983632e-01    7.06880088e-01    1.78661209e-07    4.85262933e-05    2.05595365e-01   -7.92587288e-02    1.12457884e-56    7.00000000e-01    1.80000000e+00
8        8.00000000e-01    5.03877264e-01    2.27618139e-06    1.99177467e-04    2.50206955e-01    6.14506950e-01    6.48194682e-07    1.35462612e-04    1.76033973e-01    1.46330615e-05    6.54894040e-01    1.54328753e-07    4.32194435e-05    2.10935800e-01    7.06880088e-01    9.32104853e-08    3.26085038e-05    1.47894483e-01   -7.92658334e-02   -2.80228412e-56    8.00000000e-01    1.80000000e+00
9        9.00000000e-01    5.03877266e-01    3.08215734e-06    2.49034374e-04    3.12504970e-01    6.14506941e-01    1.19884047e-06    1.95540901e-04    2.41831903e-01    3.12837886e-05    6.54894040e-01    8.26171908e-08    2.92127562e-05    1.55549331e-01    7.06880088e-01    4.05047118e-08    1.76765603e-05    9.76641460e-02   -7.92897889e-02    2.33774813e-56    9.00000000e-01    1.80000000e+00
10       1.00000000e+00    5.03877270e-01    3.89399036e-06    2.92988413e-04    3.70604441e-01    6.14506938e-01    1.89366658e-06    2.45550153e-04    3.02868489e-01    5.34084571e-05    6.54894040e-01    3.76534871e-08    1.67158637e-05    1.06689730e-01    7.06880088e-01    1.43170934e-08    6.94232585e-06    5.97986183e-02   -7.93283289e-02   -6.23844459e-56    1.00000000e+00    1.80000000e+00
11       1.10000000e+00    5.03877274e-01    4.71603964e-06    3.31014959e-04    4.25356216e-01    6.14506939e-01    2.72643262e-06    2.88021787e-04    3.59322962e-01    8.01450875e-05    6.54894040e-01    1.40056289e-08    7.29761378e-06    6.79259541e-02    7.06880088e-01    4.29611134e-09    1.95024296e-06    3.71760436e-02   -7.93791188e-02   -3.98414636e-56    1.10000000e+00    1.80000000e+00
12       1.20000000e+00    5.03877278e-01    5.55397512e-06    3.63076113e-04    4.77543266e-01    6.14506943e-01    3.69430012e-06    3.23692970e-04    4.12046108e-01    1.10785521e-04    6.54894040e-01    4.25144499e-09    2.27824461e-06    4.26908287e-02    7.06880088e-01    1.17370736e-09    4.62505396e-07    2.70105174e-02   -7.94398707e-02   -3.68408740e-56    1.20000000e+00    1.80000000e+00
13       1.30000000e+00    5.03877280e-01    6.41482295e-06    3.89477031e-04    5.27882288e-01    6.14506948e-01    4.79467626e-06    3.52912193e-04    4.61850930e-01    1.44666909e-04    6.54894040e-01    1.08461693e-09    5.51970161e-07    3.03553796e-02    7.06880088e-01    2.99352665e-10    1.09805570e-07    2.35183353e-02   -7.95085638e-02    5.11399981e-57    1.30000000e+00    1.80000000e+00
14       1.40000000e+00    5.03877282e-01    7.30738689e-06    4.10768983e-04    5.77031314e-01    6.14506954e-01    6.02569857e-06    3.76186368e-04    5.09465776e-01    1.81167913e-04    6.54894040e-01    2.31141011e-10    1.18237436e-07    2.60820845e-02    7.06880088e-01    7.17609214e-11    2.61970883e-08    2.25362632e-02   -7.95835013e-02    5.81848582e-57    1.40000000e+00    1.80000000e+00
15       1.50000000e+00    5.03877283e-01    8.24266882e-06    4.27614235e-04    6.25586190e-01    6.14506959e-01    7.38736549e-06    3.94177125e-04    5.55543431e-01    2.19726335e-04    6.54894040e-01    4.12661876e-11    2.22510880e-08    2.50360671e-02    7.06880088e-01    1.64530505e-11    6.07835564e-09    2.22922284e-02   -7.96632117e-02    6.32190849e-56    1.50000000e+00    1.80000000e+00
16       1.60000000e+00    5.03877284e-01    9.23442319e-06    4.40692384e-04    6.74077404e-01    6.14506963e-01    8.88255148e-06    4.07602395e-04    6.00664265e-01    2.59849676e-04    6.54894040e-01    6.53039004e-12    3.66414156e-09    2.48401257e-02    7.06880088e-01    3.67558093e-12    1.37114082e-09    2.22355371e-02   -7.97464316e-02    5.75577728e-56    1.60000000e+00    1.80000000e+00
17       1.70000000e+00    5.03877284e-01    1.02999665e-05    4.50645667e-04    7.22970873e-01    6.14506967e-01    1.05178617e-05    4.17162183e-04    6.45337810e-01    3.01116775e-04    6.54894040e-01    9.72694942e-13    5.56405279e-10    2.48086373e-02    7.06880088e-01    8.10113544e-13    3.03885777e-10    2.22228071e-02   -7.98321523e-02   -1.10888035e-56    1.70000000e+00    1.80000000e+00
18       1.80000000e+00    5.03877285e-01    1.14613642e-05    4.58050545e-04    7.72672187e-01    6.14506969e-01    1.23044356e-05    4.23497435e-04    6.90006290e-01    3.43173727e-04    6.54894040e-01    1.41189059e-13    8.14127559e-11    2.48039229e-02    7.06880088e-01    1.77373790e-13    6.67234457e-11    2.22199954e-02   -7.99196113e-02    1.76383591e-56    1.80000000e+00    1.80000000e+00
End of Xyce(TM) Simulation
