Index       V(VI)       N(XM1:MSKY130_FD_PR__NFET_01V8_LVT:VTH) N(XM1:MSKY130_FD_PR__NFET_01V8_LVT:GDS) N(XM1:MSKY130_FD_PR__NFET_01V8_LVT:GM) N(XM1:MSKY130_FD_PR__NFET_01V8_LVT:VDSAT) N(XM2:MSKY130_FD_PR__NFET_01V8:VTH) N(XM2:MSKY130_FD_PR__NFET_01V8:GDS) N(XM2:MSKY130_FD_PR__NFET_01V8:GM) N(XM2:MSKY130_FD_PR__NFET_01V8:VDSAT) ID(XM2:MSKY130_FD_PR__NFET_01V8) N(XM4:MSKY130_FD_PR__PFET_01V8:VTH) N(XM4:MSKY130_FD_PR__PFET_01V8:GDS) N(XM4:MSKY130_FD_PR__PFET_01V8:GM) N(XM4:MSKY130_FD_PR__PFET_01V8:VDSAT) N(XM5:MSKY130_FD_PR__PFET_01V8_HVT:VTH) N(XM5:MSKY130_FD_PR__PFET_01V8_HVT:GDS) N(XM5:MSKY130_FD_PR__PFET_01V8_HVT:GM) N(XM5:MSKY130_FD_PR__PFET_01V8_HVT:VDSAT)      I(VDD)            I(VSIG)            V(VI)           V(SUPPLY)    
0        0.00000000e+00    4.41463553e-01    6.12225591e-14    1.01191457e-11    3.64844927e-02    5.37274977e-01    5.77944107e-15    1.70071009e-12    3.76597980e-02    1.87261503e-12    7.12323014e-01    1.72771415e-08    1.62862773e-05    5.98062102e-01    7.06193407e-01    1.45406245e-08    1.71306530e-05    5.42182474e-01   -7.92083570e-02    1.84418045e-54    0.00000000e+00    1.80000000e+00
1        1.00000000e-01    4.41463553e-01    1.38034001e-12    2.27051365e-10    3.64865918e-02    5.37274977e-01    8.74036259e-14    2.56846591e-11    3.76601200e-02    2.75694618e-12    7.12323014e-01    1.38325357e-08    1.48210959e-05    5.38570052e-01    7.06193407e-01    1.12677598e-08    1.46267080e-05    4.75375763e-01   -7.92022198e-02    0.00000000e+00    1.00000000e-01    1.80000000e+00
2        2.00000000e-01    4.41463553e-01    3.00202169e-11    4.83501633e-09    3.65321593e-02    5.37274977e-01    1.31125220e-12    3.83334235e-10    3.76649476e-02    1.60178404e-11    7.12323014e-01    1.09570208e-08    1.33468864e-05    4.80586170e-01    7.06193407e-01    8.65721406e-09    1.24185160e-05    4.13081997e-01   -7.91968013e-02    3.45278039e-57    2.00000000e-01    1.80000000e+00
3        3.00000000e-01    4.41463553e-01    5.59811895e-10    8.43632452e-08    3.73739330e-02    5.37274977e-01    1.90791956e-11    5.48077409e-09    3.77350346e-02    2.08857030e-10    7.12323014e-01    8.55464781e-09    1.18663050e-05    4.24039032e-01    7.06193407e-01    6.55477045e-09    1.04675106e-05    3.54585287e-01   -7.91920836e-02   -2.50786940e-55    3.00000000e-01    1.80000000e+00
4        4.00000000e-01    4.41463553e-01    6.38808464e-09    9.36342075e-07    4.65651819e-02    5.37274977e-01    2.48665400e-10    6.89391565e-08    3.86404654e-02    2.75381623e-09    7.12323014e-01    6.55102087e-09    1.03815611e-05    3.68858428e-01    7.06193407e-01    4.85005166e-09    8.72920388e-06    2.99171265e-01   -7.91880687e-02   -1.08641366e-55    4.00000000e-01    1.80000000e+00
5        5.00000000e-01    4.41463552e-01    3.11802712e-08    5.20601965e-06    8.48946389e-02    5.37274977e-01    2.33033808e-09    6.92364190e-07    4.68340241e-02    3.03177055e-08    7.12323014e-01    4.88775145e-09    8.89272457e-06    3.14982957e-01    7.06193407e-01    3.46429759e-09    7.14100608e-06    2.46167606e-01   -7.91849374e-02    4.31520399e-55    5.00000000e-01    1.80000000e+00
6        6.00000000e-01    4.41463551e-01    7.50284836e-08    1.26718429e-05    1.50965221e-01    5.37274976e-01    1.14959940e-08    4.48089389e-06    8.25699725e-02    2.45776951e-07    7.12323014e-01    3.51901243e-09    7.39472402e-06    2.62391912e-01    7.06193407e-01    2.34535222e-09    5.61354243e-06    1.95139800e-01   -7.91832025e-02    3.97200722e-55    6.00000000e-01    1.80000000e+00
7        7.00000000e-01    4.41463551e-01    1.25792534e-07    2.00599613e-05    2.25986512e-01    5.37274975e-01    2.92880714e-08    1.24208999e-05    1.50377092e-01    1.07710095e-06    7.12323014e-01    2.40988176e-09    5.87485836e-06    2.11207249e-01    7.06193407e-01    1.46633341e-09    4.05719104e-06    1.46393785e-01   -7.91833960e-02    7.12765659e-56    7.00000000e-01    1.80000000e+00
8        8.00000000e-01    4.41463551e-01    1.78601912e-07    2.71071331e-05    3.03256015e-01    5.37274974e-01    5.04980397e-08    1.99488166e-05    2.28511056e-01    2.70805975e-06    7.12323014e-01    1.53609094e-09    4.32157956e-06    1.61965518e-01    7.06193407e-01    8.20147999e-10    2.49483033e-06    1.01778813e-01   -7.91856373e-02    8.69098912e-56    8.00000000e-01    1.80000000e+00
9        9.00000000e-01    4.41463551e-01    2.32690499e-07    3.40298174e-05    3.82157449e-01    5.37274973e-01    7.25587637e-08    2.64347738e-05    3.06548370e-01    5.03196711e-06    7.12323014e-01    8.83274719e-10    2.77318857e-06    1.16183422e-01    7.06193407e-01    3.98948635e-10    1.18192489e-06    6.49700319e-02   -7.91897578e-02   -4.06058067e-57    9.00000000e-01    1.80000000e+00
10       1.00000000e+00    4.41463552e-01    2.88007416e-07    4.07934265e-05    4.62925479e-01    5.37274973e-01    9.54633995e-08    3.26229363e-05    3.83845795e-01    7.98590298e-06    7.12323014e-01    4.40266386e-10    1.41143762e-06    7.70029954e-02    7.06193407e-01    1.66657048e-10    4.05709096e-07    3.95680348e-02   -7.91956021e-02    1.20622328e-55    1.00000000e+00    1.80000000e+00
11       1.10000000e+00    4.41463552e-01    3.44647229e-07    4.73012332e-05    5.45770104e-01    5.37274974e-01    1.19708111e-07    3.86867078e-05    4.61198593e-01    1.15524417e-05    7.12323014e-01    1.82522649e-10    5.17928139e-07    4.85432872e-02    7.06193407e-01    6.00172843e-11    1.07864444e-07    2.57246990e-02   -7.92030184e-02    1.49458955e-55    1.10000000e+00    1.80000000e+00
12       1.20000000e+00    4.41463553e-01    4.02890571e-07    5.34703302e-05    6.30854377e-01    5.37274975e-01    1.45859282e-07    4.45674255e-05    5.39109063e-01    1.57168845e-05    7.12323014e-01    6.08881092e-11    1.38955997e-07    3.25886817e-02    7.06193407e-01    1.89151172e-11    2.67013955e-08    1.98368313e-02   -7.92118536e-02   -2.44288874e-55    1.20000000e+00    1.80000000e+00
13       1.30000000e+00    4.41463553e-01    4.63329196e-07    5.92418203e-05    7.18329673e-01    5.37274976e-01    1.74609581e-07    5.01886822e-05    6.17824282e-01    2.04569911e-05    7.12323014e-01    1.62074393e-11    3.20173401e-08    2.61262647e-02    7.06193407e-01    5.36092384e-12    6.85455295e-09    1.78112247e-02   -7.92219792e-02   -4.03091865e-55    1.30000000e+00    1.80000000e+00
14       1.40000000e+00    4.41463553e-01    5.27053164e-07    6.45783737e-05    8.08351733e-01    5.37274977e-01    2.06904006e-07    5.54971533e-05    6.97483903e-01    2.57439661e-05    7.12323014e-01    3.57381646e-12    6.93182712e-09    2.42268839e-02    7.06193407e-01    1.41341711e-12    1.77873824e-09    1.72127100e-02   -7.92332931e-02   -1.76265331e-55    1.40000000e+00    1.80000000e+00
15       1.50000000e+00    4.41463553e-01    5.95976382e-07    6.94608288e-05    9.01085741e-01    5.37274977e-01    2.44103412e-07    6.04598781e-05    7.78192787e-01    3.15447445e-05    7.12323014e-01    6.98121815e-13    1.38605047e-09    2.37897371e-02    7.06193407e-01    3.56934366e-13    4.52201653e-10    1.70518509e-02   -7.92457011e-02   -1.40107549e-56    1.50000000e+00    1.80000000e+00
16       1.60000000e+00    4.41463553e-01    6.73463039e-07    7.38846662e-05    9.96707660e-01    5.37274977e-01    2.88232109e-07    6.50575479e-05    8.60048032e-01    3.78236863e-05    7.12323014e-01    1.27976384e-13    2.58952147e-10    2.37028505e-02    7.06193407e-01    8.80441165e-14    1.12408673e-10    1.70108638e-02   -7.92591040e-02   -9.05705930e-56    1.60000000e+00    1.80000000e+00
17       1.70000000e+00    4.41463553e-01    7.65629207e-07    7.78555984e-05    1.09540457e+00    5.37274977e-01    3.42394665e-07    6.92799205e-05    9.43147623e-01    4.45437021e-05    7.12323014e-01    2.27773754e-14    4.65473154e-11    2.36868109e-02    7.06193407e-01    2.14547081e-14    2.75286355e-11    1.70007107e-02   -7.92733975e-02    4.19539753e-55    1.70000000e+00    1.80000000e+00
18       1.80000000e+00    4.41463553e-01    8.84272833e-07    8.13829376e-05    1.19737489e+00    5.37274977e-01    4.11521580e-07    7.31226260e-05    1.02759266e+00    5.16669985e-05    7.12323014e-01    4.00190406e-15    8.21514940e-12    2.36839480e-02    7.06193407e-01    5.19609097e-15    6.68544186e-12    1.69982315e-02   -7.92884814e-02   -2.55254744e-55    1.80000000e+00    1.80000000e+00
End of Xyce(TM) Simulation
