Index       V(VI)       N(XM1:MSKY130_FD_PR__NFET_01V8_LVT:VTH) N(XM1:MSKY130_FD_PR__NFET_01V8_LVT:GDS) N(XM1:MSKY130_FD_PR__NFET_01V8_LVT:GM) N(XM1:MSKY130_FD_PR__NFET_01V8_LVT:VDSAT) N(XM2:MSKY130_FD_PR__NFET_01V8:VTH) N(XM2:MSKY130_FD_PR__NFET_01V8:GDS) N(XM2:MSKY130_FD_PR__NFET_01V8:GM) N(XM2:MSKY130_FD_PR__NFET_01V8:VDSAT) ID(XM2:MSKY130_FD_PR__NFET_01V8) N(XM4:MSKY130_FD_PR__PFET_01V8:VTH) N(XM4:MSKY130_FD_PR__PFET_01V8:GDS) N(XM4:MSKY130_FD_PR__PFET_01V8:GM) N(XM4:MSKY130_FD_PR__PFET_01V8:VDSAT) N(XM5:MSKY130_FD_PR__PFET_01V8_HVT:VTH) N(XM5:MSKY130_FD_PR__PFET_01V8_HVT:GDS) N(XM5:MSKY130_FD_PR__PFET_01V8_HVT:GM) N(XM5:MSKY130_FD_PR__PFET_01V8_HVT:VDSAT)      I(VDD)            I(VSIG)            V(VI)           V(SUPPLY)    
0        0.00000000e+00    4.36155763e-01    3.05180885e-14    5.05474978e-12    3.62697442e-02    5.32161686e-01    2.44535626e-15    8.11195947e-13    3.71175788e-02    1.83979320e-12    7.18203785e-01    3.17823190e-09    6.69958668e-06    5.83717984e-01    7.16612039e-01    2.48241220e-09    7.40534757e-06    5.42708182e-01   -7.91885240e-02    5.70491795e-54    0.00000000e+00    1.80000000e+00
1        1.00000000e-01    4.36155763e-01    6.87488726e-13    1.13275813e-10    3.62722080e-02    5.32161686e-01    3.72223323e-14    1.23292046e-11    3.71179486e-02    2.26350514e-12    7.18203785e-01    2.61785524e-09    6.11892200e-06    5.26774313e-01    7.16612039e-01    2.01919260e-09    6.31096604e-06    4.74531431e-01   -7.91859479e-02    0.00000000e+00    1.00000000e-01    1.80000000e+00
2        2.00000000e-01    4.36155763e-01    1.48943136e-11    2.39906670e-09    3.63254773e-02    5.32161686e-01    5.61637796e-13    1.84986351e-10    3.71235252e-02    8.65368848e-12    7.18203785e-01    2.14213159e-09    5.52881753e-06    4.70972521e-01    7.16612039e-01    1.63865932e-09    5.35144752e-06    4.11087431e-01   -7.91836697e-02    1.33638236e-51    2.00000000e-01    1.80000000e+00
3        3.00000000e-01    4.36155763e-01    2.73535328e-10    4.11231389e-08    3.72938373e-02    5.32161686e-01    8.19551219e-12    2.64905397e-09    3.72047034e-02    1.01859257e-10    7.18203785e-01    1.73564290e-09    4.93063248e-06    4.16266974e-01    7.16612039e-01    1.31848911e-09    4.50686136e-06    3.51591037e-01   -7.91816829e-02    5.26176459e-55    3.00000000e-01    1.80000000e+00
4        4.00000000e-01    4.36155763e-01    3.00197110e-09    4.43439736e-07    4.74319763e-02    5.32161686e-01    1.06059109e-10    3.31086246e-08    3.82453337e-02    1.32724681e-09    7.18203785e-01    1.38656274e-09    4.32549051e-06    3.62610976e-01    7.16612039e-01    1.04345447e-09    3.75419564e-06    2.95276398e-01   -7.91799912e-02   -2.79396834e-55    4.00000000e-01    1.80000000e+00
5        5.00000000e-01    4.36155763e-01    1.39938955e-08    2.35935384e-06    8.75359821e-02    5.32161686e-01    9.63600732e-10    3.29209064e-07    4.73604287e-02    1.44822359e-08    7.18203785e-01    1.08573245e-09    3.71350344e-06    3.09965138e-01    7.16612039e-01    8.03064648e-10    3.06180411e-06    2.41461058e-01   -7.91786800e-02   -1.48443444e-55    5.00000000e-01    1.80000000e+00
6        6.00000000e-01    4.36155763e-01    3.27518334e-08    5.56600674e-06    1.54579070e-01    5.32161686e-01    4.51100198e-09    2.04401187e-06    8.50077314e-02    1.14570108e-07    7.18203785e-01    8.26120370e-10    3.09242330e-06    2.58332026e-01    7.16612039e-01    5.90922500e-10    2.38721782e-06    1.89790745e-01   -7.91779749e-02    4.42967222e-55    6.00000000e-01    1.80000000e+00
7        7.00000000e-01    4.36155762e-01    5.41745871e-08    8.72728120e-06    2.30285890e-01    5.32161685e-01    1.09947057e-08    5.42303446e-06    1.53642645e-01    4.83241313e-07    7.18203785e-01    6.02682067e-10    2.45664047e-06    2.07866188e-01    7.16612039e-01    4.05429301e-10    1.69466398e-06    1.40799585e-01   -7.91780983e-02    5.57830263e-56    7.00000000e-01    1.80000000e+00
8        8.00000000e-01    4.36155762e-01    7.63243820e-08    1.17712576e-05    3.08564752e-01    5.32161685e-01    1.84231030e-08    8.60357360e-06    2.32121772e-01    1.18931751e-06    7.18203785e-01    4.12724279e-10    1.80161205e-06    1.59164805e-01    7.16612039e-01    2.50699600e-10    1.01048264e-06    9.66677563e-02   -7.91790942e-02    1.36629435e-55    8.00000000e-01    1.80000000e+00
9        9.00000000e-01    4.36155763e-01    9.88617035e-08    1.47835399e-05    3.88927301e-01    5.32161685e-01    2.59172419e-08    1.14056074e-05    3.11162907e-01    2.19136777e-06    7.18203785e-01    2.56701763e-10    1.14652375e-06    1.13859793e-01    7.16612039e-01    1.34496825e-10    4.60450058e-07    6.11761553e-02   -7.91808960e-02   -2.31663789e-56    9.00000000e-01    1.80000000e+00
10       1.00000000e+00    4.36155763e-01    1.21701116e-07    1.77459036e-05    4.71631021e-01    5.32161685e-01    3.34448079e-08    1.41155576e-05    3.90285287e-01    3.46767315e-06    7.18203785e-01    1.38305350e-10    5.74670414e-07    7.52485656e-02    7.16612039e-01    6.07828323e-11    1.53365981e-07    3.74290394e-02   -7.91834424e-02    3.24293996e-55    1.00000000e+00    1.80000000e+00
11       1.10000000e+00    4.36155763e-01    1.44794701e-07    2.06161289e-05    5.56899984e-01    5.32161685e-01    4.11119800e-08    1.67926748e-05    4.70229648e-01    5.01337963e-06    7.18203785e-01    6.10081884e-11    2.06907584e-07    4.74987045e-02    7.16612039e-01    2.30040969e-11    4.06837422e-08    2.48377679e-02   -7.91866728e-02   -8.81673206e-55    1.10000000e+00    1.80000000e+00
12       1.20000000e+00    4.36155763e-01    1.68145491e-07    2.33580223e-05    6.44912259e-01    5.32161686e-01    4.90318711e-08    1.94098080e-05    5.51460586e-01    6.82409326e-06    7.18203785e-01    2.10516943e-11    5.48569113e-08    3.21945342e-02    7.16612039e-01    7.45930109e-12    1.02902776e-08    1.95673509e-02   -7.91905264e-02   -8.36737840e-56    1.20000000e+00    1.80000000e+00
13       1.30000000e+00    4.36155763e-01    1.91849212e-07    2.59454001e-05    7.35835029e-01    5.32161686e-01    5.73454860e-08    2.19340374e-05    6.34210001e-01    8.89212298e-06    7.18203785e-01    5.66642868e-12    1.26318180e-08    2.61040972e-02    7.16612039e-01    2.15857193e-12    2.70568650e-09    1.77577620e-02   -7.91949534e-02   -5.02061480e-55    1.30000000e+00    1.80000000e+00
14       1.40000000e+00    4.36155763e-01    2.16156999e-07    2.83612036e-05    8.29840732e-01    5.32161686e-01    6.62623920e-08    2.43416852e-05    7.18611313e-01    1.12069218e-05    7.18203785e-01    1.25465672e-12    2.74037961e-09    2.43361208e-02    7.16612039e-01    5.80913047e-13    7.17081751e-10    1.72179377e-02   -7.91999142e-02   -3.92417759e-56    1.40000000e+00    1.80000000e+00
15       1.50000000e+00    4.36155763e-01    2.41590803e-07    3.05962548e-05    9.27112763e-01    5.32161686e-01    7.61153181e-08    2.66172069e-05    8.04765606e-01    1.37559971e-05    7.18203785e-01    2.46462344e-13    5.50105244e-10    2.39307200e-02    7.16612039e-01    1.49949666e-13    1.86235514e-10    1.70703768e-02   -7.92053715e-02    6.79810767e-55    1.50000000e+00    1.80000000e+00
16       1.60000000e+00    4.36155763e-01    2.69184852e-07    3.26479206e-05    1.02784763e+00    5.32161686e-01    8.74499830e-08    2.87506773e-05    8.92766732e-01    1.65255969e-05    7.18203785e-01    4.55422233e-14    1.03487017e-10    2.38498673e-02    7.16612039e-01    3.78480068e-14    4.73500911e-11    1.70319865e-02   -7.92112854e-02    1.04960453e-55    1.60000000e+00    1.80000000e+00
17       1.70000000e+00    4.36155763e-01    3.01041704e-07    3.45183128e-05    1.13225616e+00    5.32161686e-01    1.01192109e-07    3.07360775e-05    9.82709784e-01    1.95011829e-05    7.18203785e-01    8.18199987e-15    1.87678438e-11    2.38348309e-02    7.16612039e-01    9.44279288e-15    1.18699309e-11    1.70222584e-02   -7.92176139e-02    1.23765498e-54    1.70000000e+00    1.80000000e+00
18       1.80000000e+00    4.36155763e-01    3.41748651e-07    3.62112465e-05    1.24056460e+00    5.32161686e-01    1.18981683e-07    3.25700341e-05    1.07469372e+00    2.26677594e-05    7.18203785e-01    1.45200205e-15    3.34496182e-12    2.38321221e-02    7.16612039e-01    2.34207941e-15    2.95193120e-12    1.70198265e-02   -7.92243164e-02   -9.98913495e-55    1.80000000e+00    1.80000000e+00
End of Xyce(TM) Simulation
