Index       V(VI)       N(XM1:MSKY130_FD_PR__NFET_01V8_LVT:VTH) N(XM1:MSKY130_FD_PR__NFET_01V8_LVT:GDS) N(XM1:MSKY130_FD_PR__NFET_01V8_LVT:GM) N(XM1:MSKY130_FD_PR__NFET_01V8_LVT:VDSAT) N(XM2:MSKY130_FD_PR__NFET_01V8:VTH) N(XM2:MSKY130_FD_PR__NFET_01V8:GDS) N(XM2:MSKY130_FD_PR__NFET_01V8:GM) N(XM2:MSKY130_FD_PR__NFET_01V8:VDSAT) ID(XM2:MSKY130_FD_PR__NFET_01V8) N(XM4:MSKY130_FD_PR__PFET_01V8:VTH) N(XM4:MSKY130_FD_PR__PFET_01V8:GDS) N(XM4:MSKY130_FD_PR__PFET_01V8:GM) N(XM4:MSKY130_FD_PR__PFET_01V8:VDSAT) N(XM5:MSKY130_FD_PR__PFET_01V8_HVT:VTH) N(XM5:MSKY130_FD_PR__PFET_01V8_HVT:GDS) N(XM5:MSKY130_FD_PR__PFET_01V8_HVT:GM) N(XM5:MSKY130_FD_PR__PFET_01V8_HVT:VDSAT)      I(VDD)            I(VSIG)            V(VI)           V(SUPPLY)    
0        0.00000000e+00    4.38103001e-01    1.21203567e-14    1.91409166e-12    3.57805338e-02    5.15644314e-01    1.62568779e-15    7.52244098e-13    3.75094565e-02    1.83919374e-12    6.30440246e-01    1.67339474e-09    2.93807633e-06    6.26164447e-01    7.42544774e-01    2.20192883e-09    2.36322239e-06    5.14177840e-01   -7.91796487e-02    4.07630124e-54    0.00000000e+00    1.80000000e+00
1        1.00000000e-01    4.38103001e-01    2.58643272e-13    4.06437463e-11    3.57829792e-02    5.15644314e-01    2.13656676e-14    9.86400176e-12    3.75104472e-02    2.19368900e-12    6.30440246e-01    1.44666099e-09    2.65072239e-06    5.64040266e-01    7.42544774e-01    1.94450267e-09    2.14750121e-06    4.63113818e-01   -7.91787111e-02    0.00000000e+00    1.00000000e-01    1.80000000e+00
2        2.00000000e-01    4.38103001e-01    5.32480417e-12    8.19369972e-10    3.58332235e-02    5.15644314e-01    2.77427614e-13    1.27096338e-10    3.75232981e-02    6.79363001e-12    6.30440246e-01    1.24690413e-09    2.36398470e-06    5.04220151e-01    7.42544774e-01    1.70054460e-09    1.92794854e-06    4.13016148e-01   -7.91778654e-02    8.35238972e-52    2.00000000e-01    1.80000000e+00
3        3.00000000e-01    4.38103001e-01    9.43918065e-11    1.36341408e-08    3.67153106e-02    5.15644314e-01    3.45233432e-12    1.54745824e-09    3.76826320e-02    6.40625771e-11    6.30440246e-01    1.06775711e-09    2.08005296e-06    4.46573294e-01    7.42544774e-01    1.46791688e-09    1.70598477e-06    3.63821570e-01   -7.91771159e-02   -4.03725853e-55    3.00000000e-01    1.80000000e+00
4        4.00000000e-01    4.38103001e-01    1.04229931e-09    1.47936354e-07    4.60334008e-02    5.15644314e-01    3.73865489e-11    1.64404812e-08    3.93851952e-02    7.03248753e-10    6.30440246e-01    9.04929048e-10    1.80115779e-06    3.90979037e-01    7.42544774e-01    1.24498391e-09    1.48283603e-06    3.15448537e-01   -7.91764691e-02    1.20550240e-54    4.00000000e-01    1.80000000e+00
5        5.00000000e-01    4.38103001e-01    5.02831671e-09    8.17112571e-07    8.44793112e-02    5.15644314e-01    2.80695060e-10    1.45691441e-07    5.15694073e-02    6.73146299e-09    6.30440246e-01    7.55504364e-10    1.52939653e-06    3.37329126e-01    7.42544774e-01    1.03048718e-09    1.25892066e-06    2.67800550e-01   -7.91759585e-02    5.16704577e-55    5.00000000e-01    1.80000000e+00
6        6.00000000e-01    4.38103001e-01    1.20459805e-08    1.98092235e-06    1.50620085e-01    5.15644314e-01    1.13662023e-09    8.03239714e-07    9.41240489e-02    4.77945231e-08    6.30440246e-01    6.17518827e-10    1.26647321e-06    2.85538399e-01    7.42544774e-01    8.23628831e-10    1.03282426e-06    2.20808429e-01   -7.91756705e-02    3.56930526e-55    6.00000000e-01    1.80000000e+00
7        7.00000000e-01    4.38103001e-01    2.01422051e-08    3.13322038e-06    2.25801750e-01    5.15644314e-01    2.59150532e-09    1.98776402e-06    1.65457386e-01    1.86135663e-07    6.30440246e-01    4.89747691e-10    1.01337340e-06    2.35580562e-01    7.42544774e-01    6.24676907e-10    8.00659419e-07    1.74593762e-01   -7.91756837e-02   -5.26640764e-55    7.00000000e-01    1.80000000e+00
8        8.00000000e-01    4.38103001e-01    2.85413408e-08    4.24453504e-06    3.03509702e-01    5.15644314e-01    4.24156176e-09    3.08964322e-06    2.44973168e-01    4.41587389e-07    6.30440246e-01    3.71734377e-10    7.70311574e-07    1.87591693e-01    7.42544774e-01    4.36690406e-10    5.59673234e-07    1.29919812e-01   -7.91760081e-02   -5.60207855e-55    8.00000000e-01    1.80000000e+00
9        9.00000000e-01    4.38103001e-01    3.71187360e-08    5.35445672e-06    3.83278979e-01    5.15644314e-01    5.91907889e-09    4.06656870e-06    3.24310724e-01    7.99906921e-07    6.30440246e-01    2.64187847e-10    5.38347071e-07    1.42130407e-01    7.42544774e-01    2.68593421e-10    3.23345821e-07    8.90393622e-02   -7.91766225e-02    9.50242260e-56    9.00000000e-01    1.80000000e+00
10       1.00000000e+00    4.38103001e-01    4.58505074e-08    6.45899832e-06    4.65436446e-01    5.15644314e-01    7.62338730e-09    5.01677397e-06    4.03158435e-01    1.25411034e-06    6.30440246e-01    1.69834911e-10    3.25559295e-07    1.00685240e-01    7.42544774e-01    1.36373984e-10    1.37066490e-07    5.61801624e-02   -7.91775114e-02    3.82916661e-56    1.00000000e+00    1.80000000e+00
11       1.10000000e+00    4.38103001e-01    5.47220741e-08    7.54299300e-06    5.50245094e-01    5.15644314e-01    9.38470225e-09    5.96138640e-06    4.82319487e-01    1.80307644e-06    6.30440246e-01    9.39889365e-11    1.55462605e-07    6.61392506e-02    7.42544774e-01    5.38209138e-11    4.02406403e-08    3.53114747e-02   -7.91786582e-02   -3.87185367e-55    1.10000000e+00    1.80000000e+00
12       1.20000000e+00    4.38103001e-01    6.37337640e-08    8.59300555e-06    6.37903199e-01    5.15644314e-01    1.12378052e-08    6.88923675e-06    5.62295411e-01    2.44579214e-06    6.30440246e-01    4.22472144e-11    5.42665727e-08    4.18480218e-02    7.42544774e-01    1.62817392e-11    9.36978714e-09    2.57245928e-02   -7.91800418e-02   -2.64776015e-56    1.20000000e+00    1.80000000e+00
13       1.30000000e+00    4.38103001e-01    7.29170640e-08    9.59912534e-06    7.28591324e-01    5.15644314e-01    1.32277719e-08    7.78562611e-06    6.43327681e-01    3.17983553e-06    6.30440246e-01    1.46764881e-11    1.43687192e-08    2.86367875e-02    7.42544774e-01    3.97354814e-12    2.07133750e-09    2.25674299e-02   -7.91816422e-02   -5.52634094e-55    1.30000000e+00    1.80000000e+00
14       1.40000000e+00    4.38103001e-01    8.23574479e-08    1.05546265e-05    8.22493755e-01    5.15644314e-01    1.54213861e-08    8.63882777e-06    7.25540110e-01    4.00144729e-06    6.30440246e-01    3.88215371e-12    3.32079065e-09    2.34101544e-02    7.42544774e-01    8.46914178e-13    4.40620029e-10    2.17643097e-02   -7.91834432e-02   -1.12655442e-54    1.40000000e+00    1.80000000e+00
15       1.50000000e+00    4.38103001e-01    9.22353865e-08    1.14555047e-05    9.19806213e-01    5.15644314e-01    1.79232053e-08    9.44024421e-06    8.09013736e-01    4.90585538e-06    6.30440246e-01    8.17939554e-13    7.00571805e-10    2.19207103e-02    7.42544774e-01    1.68057612e-13    8.87751219e-11    2.15898760e-02   -7.91854313e-02    9.40768092e-55    1.50000000e+00    1.80000000e+00
16       1.60000000e+00    4.38103001e-01    1.02911855e-07    1.23000269e-05    1.02073882e+00    5.15644314e-01    2.09018295e-08    1.01836828e-05    8.93817071e-01    5.88755276e-06    6.30440246e-01    1.49181670e-13    1.32063536e-10    2.15953006e-02    7.42544774e-01    3.22336625e-14    1.72075496e-11    2.15549731e-02   -7.91875926e-02   -5.94238460e-55    1.60000000e+00    1.80000000e+00
17       1.70000000e+00    4.38103001e-01    1.15125736e-07    1.30881367e-05    1.12551775e+00    5.15644314e-01    2.46374201e-08    1.08648049e-05    9.80016897e-01    6.94050945e-06    6.30440246e-01    2.52822088e-14    2.28797844e-11    2.15349992e-02    7.42544774e-01    6.08829069e-15    3.26768566e-12    2.15482544e-02   -7.91899121e-02    7.58758214e-55    1.70000000e+00    1.80000000e+00
18       1.80000000e+00    4.38103001e-01    1.30499319e-07    1.38204137e-05    1.23438663e+00    5.15644314e-01    2.96134445e-08    1.14807324e-05    1.06768171e+00    8.05833821e-06    6.30440246e-01    4.14628506e-15    3.79215242e-12    2.15247119e-02    7.42544774e-01    1.14220745e-15    6.14566434e-13    2.15469834e-02   -7.91923748e-02   -9.98913499e-55    1.80000000e+00    1.80000000e+00
End of Xyce(TM) Simulation
