Index       V(VI)       N(XM1:MSKY130_FD_PR__NFET_01V8_LVT:VTH) N(XM1:MSKY130_FD_PR__NFET_01V8_LVT:GDS) N(XM1:MSKY130_FD_PR__NFET_01V8_LVT:GM) N(XM1:MSKY130_FD_PR__NFET_01V8_LVT:VDSAT) N(XM2:MSKY130_FD_PR__NFET_01V8:VTH) N(XM2:MSKY130_FD_PR__NFET_01V8:GDS) N(XM2:MSKY130_FD_PR__NFET_01V8:GM) N(XM2:MSKY130_FD_PR__NFET_01V8:VDSAT) ID(XM2:MSKY130_FD_PR__NFET_01V8) N(XM4:MSKY130_FD_PR__PFET_01V8:VTH) N(XM4:MSKY130_FD_PR__PFET_01V8:GDS) N(XM4:MSKY130_FD_PR__PFET_01V8:GM) N(XM4:MSKY130_FD_PR__PFET_01V8:VDSAT) N(XM5:MSKY130_FD_PR__PFET_01V8_HVT:VTH) N(XM5:MSKY130_FD_PR__PFET_01V8_HVT:GDS) N(XM5:MSKY130_FD_PR__PFET_01V8_HVT:GM) N(XM5:MSKY130_FD_PR__PFET_01V8_HVT:VDSAT)      I(VDD)            I(VSIG)            V(VI)           V(SUPPLY)    
0        0.00000000e+00    4.74734798e-01    6.21561303e-13    8.17896637e-11    3.76002271e-02    5.74384559e-01    6.32627674e-14    1.20036735e-11    3.97975863e-02    2.24913826e-12    6.96196872e-01    2.64065341e-06    3.50470965e-04    7.75213512e-01    7.49252831e-01    2.50206620e-06    3.73765418e-04    7.08328608e-01   -7.99061070e-02    3.49910099e-55    0.00000000e+00    1.80000000e+00
1        1.00000000e-01    4.74734798e-01    1.36997997e-11    1.79715987e-09    3.76011046e-02    5.74384559e-01    9.74048562e-13    1.84654244e-10    3.97977169e-02    8.57137049e-12    6.96196872e-01    1.99375242e-06    3.08099146e-04    6.82239874e-01    7.49252830e-01    1.80624828e-06    3.08225734e-04    5.99415732e-01   -7.97670880e-02    0.00000000e+00    1.00000000e-01    1.80000000e+00
2        2.00000000e-01    4.74734798e-01    2.95065382e-10    3.81695180e-08    3.76199809e-02    5.74384559e-01    1.49191550e-11    2.81860296e-09    3.97997173e-02    1.05375269e-10    6.96196872e-01    1.49587850e-06    2.68380748e-04    5.95922763e-01    7.49252830e-01    1.30355732e-06    2.53538181e-04    5.04628463e-01   -7.96470472e-02   -3.85659457e-56    2.00000000e-01    1.80000000e+00
3        3.00000000e-01    4.74734798e-01    5.74439217e-09    7.05248575e-07    3.79852674e-02    5.74384559e-01    2.23943917e-10    4.17851667e-08    3.98296998e-02    1.55722287e-09    6.96196872e-01    1.10802634e-06    2.31078590e-04    5.15516657e-01    7.49252829e-01    9.31037498e-07    2.07275901e-04    4.21316070e-01   -7.95446935e-02    5.24805131e-56    3.00000000e-01    1.80000000e+00
4        4.00000000e-01    4.74734797e-01    7.80849739e-08    8.80481488e-06    4.28043298e-02    5.74384559e-01    3.11866179e-09    5.61697581e-07    4.02447047e-02    2.18257934e-08    6.96196872e-01    8.04341708e-07    1.96006789e-04    4.40379021e-01    7.49252828e-01    6.51135645e-07    1.67661538e-04    3.47417860e-01   -7.94589384e-02    8.22856609e-56    4.00000000e-01    1.80000000e+00
5        5.00000000e-01    4.74734789e-01    4.94058959e-07    5.91070896e-05    6.98153165e-02    5.74384558e-01    3.40781507e-08    6.03083765e-06    4.46585510e-02    2.57372378e-07    6.96196872e-01    5.66963139e-07    1.63002328e-04    3.69956816e-01    7.49252828e-01    4.40027229e-07    1.33322480e-04    2.81299416e-01   -7.93906855e-02    2.31909537e-56    5.00000000e-01    1.80000000e+00
6        6.00000000e-01    4.74734771e-01    1.41568661e-06    1.75589612e-04    1.26607243e-01    5.74384552e-01    2.15345920e-07    4.51794644e-05    6.96350686e-02    2.28732437e-06    6.96196872e-01    3.83147335e-07    1.31872859e-04    3.03795817e-01    7.49252828e-01    2.81955635e-07    1.03065771e-04    2.21676253e-01   -7.93461788e-02   -8.48195378e-56    6.00000000e-01    1.80000000e+00
7        7.00000000e-01    4.74734757e-01    2.56703697e-06    2.99549007e-04    1.93003301e-01    5.74384531e-01    6.88185019e-07    1.58363171e-04    1.28698041e-01    1.19806320e-05    6.96196872e-01    2.43633853e-07    1.02336116e-04    2.41612836e-01    7.49252828e-01    1.66374391e-07    7.57073007e-05    1.67683765e-01   -7.93337563e-02    1.03945941e-56    7.00000000e-01    1.80000000e+00
8        8.00000000e-01    4.74734754e-01    3.76739566e-06    4.10547638e-04    2.57804280e-01    5.74384509e-01    1.37608118e-06    2.83813769e-04    2.02263463e-01    3.42765075e-05    6.96196872e-01    1.41691614e-07    7.40744090e-05    1.83528150e-01    7.49252829e-01    8.63777734e-08    5.02776362e-05    1.19241425e-01   -7.93563542e-02   -3.19516174e-56    8.00000000e-01    1.80000000e+00
9        9.00000000e-01    4.74734759e-01    4.98384275e-06    5.12101794e-04    3.19464159e-01    5.74384499e-01    2.17815558e-06    3.87012958e-04    2.74511080e-01    6.79644855e-05    6.96196872e-01    7.23256749e-08    4.73069642e-05    1.30612166e-01    7.49252830e-01    3.70580501e-08    2.73512063e-05    7.78071194e-02   -7.94104764e-02    1.26689652e-56    9.00000000e-01    1.80000000e+00
10       1.00000000e+00    4.74734768e-01    6.22027666e-06    6.04642720e-04    3.78397468e-01    5.74384500e-01    3.07766514e-06    4.78282731e-04    3.43101747e-01    1.11295872e-04    6.96196872e-01    3.08525075e-08    2.42058015e-05    8.56582109e-02    7.49252831e-01    1.24589639e-08    1.05709949e-05    4.67091724e-02   -7.94920757e-02    1.00150578e-55    1.00000000e+00    1.80000000e+00
11       1.10000000e+00    4.74734777e-01    7.48835277e-06    6.87512140e-04    4.35224368e-01    5.74384509e-01    4.08774635e-06    5.62300851e-04    4.08811872e-01    1.63382616e-04    6.96196872e-01    1.06632857e-08    8.87441803e-06    5.28698466e-02    7.49252831e-01    3.33575515e-09    2.72306792e-06    2.86077615e-02   -7.95973166e-02   -2.52955264e-56    1.10000000e+00    1.80000000e+00
12       1.20000000e+00    4.74734784e-01    8.80454739e-06    7.60739124e-04    4.90592229e-01    5.74384521e-01    5.22541799e-06    6.38778501e-04    4.72386188e-01    2.23501733e-04    6.96196872e-01    3.02202315e-09    2.30879042e-06    3.44246864e-02    7.49252831e-01    7.59941167e-10    5.58767044e-07    2.12416016e-02   -7.97223340e-02   -2.52531637e-56    1.20000000e+00    1.80000000e+00
13       1.30000000e+00    4.74734790e-01    1.01907853e-05    8.25115563e-04    5.45158632e-01    5.74384532e-01    6.50842802e-06    7.06878605e-04    5.34341738e-01    2.90854867e-04    6.96196872e-01    7.17580031e-10    5.03079384e-07    2.70629004e-02    7.49252831e-01    1.52235805e-10    1.09504068e-07    1.91554851e-02   -7.98639640e-02    2.16884449e-56    1.30000000e+00    1.80000000e+00
14       1.40000000e+00    4.74734794e-01    1.16756869e-05    8.81897570e-04    5.99572821e-01    5.74384542e-01    7.95685175e-06    7.66282582e-04    5.95093108e-01    3.64583821e-04    6.96196872e-01    1.45198527e-10    1.02080013e-07    2.49895039e-02    7.49252831e-01    2.76602576e-11    2.03054894e-08    1.87033482e-02   -8.00198501e-02    2.23269391e-57    1.40000000e+00    1.80000000e+00
15       1.50000000e+00    4.74734796e-01    1.32966265e-05    9.32539284e-04    6.54458491e-01    5.74384549e-01    9.59520809e-06    8.17161719e-04    6.55018299e-01    4.43824324e-04    6.96196872e-01    2.61908805e-11    1.89670443e-08    2.45424245e-02    7.49252831e-01    4.75083539e-12    3.54833394e-09    1.86191797e-02   -8.01880381e-02   -2.10440523e-56    1.50000000e+00    1.80000000e+00
16       1.60000000e+00    4.74734797e-01    1.51031064e-05    9.78515258e-04    7.10403703e-01    5.74384554e-01    1.14548025e-05    8.59997561e-04    7.14477896e-01    5.27746041e-04    6.96196872e-01    4.43659650e-12    3.27756836e-09    2.44600581e-02    7.49252831e-01    7.94456587e-13    5.98631844e-10    1.86046112e-02   -8.03667191e-02    5.50143484e-56    1.60000000e+00    1.80000000e+00
17       1.70000000e+00    4.74734798e-01    1.71621786e-05    1.02121495e-03    7.67957922e-01    5.74384556e-01    1.35766554e-05    8.95440511e-04    7.73816785e-01    6.15576142e-04    6.96196872e-01    7.30029771e-13    5.44512299e-10    2.44460042e-02    7.49252831e-01    1.31321858e-13    9.93394176e-11    1.86021683e-02   -8.05542609e-02    6.87115873e-57    1.70000000e+00    1.80000000e+00
18       1.80000000e+00    4.74734798e-01    1.95671568e-05    1.06188479e-03    8.27634164e-01    5.74384558e-01    1.60155010e-05    9.24213884e-04    8.33361597e-01    7.06611124e-04    6.96196872e-01    1.18647526e-13    8.88625315e-11    2.44436855e-02    7.49252831e-01    2.16026935e-14    1.63682716e-11    1.86017641e-02   -8.07493733e-02    5.94378196e-56    1.80000000e+00    1.80000000e+00
End of Xyce(TM) Simulation
