Index       V(VI)       N(XM1:MSKY130_FD_PR__NFET_01V8_LVT:VTH) N(XM1:MSKY130_FD_PR__NFET_01V8_LVT:GDS) N(XM1:MSKY130_FD_PR__NFET_01V8_LVT:GM) N(XM1:MSKY130_FD_PR__NFET_01V8_LVT:VDSAT) N(XM2:MSKY130_FD_PR__NFET_01V8:VTH) N(XM2:MSKY130_FD_PR__NFET_01V8:GDS) N(XM2:MSKY130_FD_PR__NFET_01V8:GM) N(XM2:MSKY130_FD_PR__NFET_01V8:VDSAT) ID(XM2:MSKY130_FD_PR__NFET_01V8) N(XM4:MSKY130_FD_PR__PFET_01V8:VTH) N(XM4:MSKY130_FD_PR__PFET_01V8:GDS) N(XM4:MSKY130_FD_PR__PFET_01V8:GM) N(XM4:MSKY130_FD_PR__PFET_01V8:VDSAT) N(XM5:MSKY130_FD_PR__PFET_01V8_HVT:VTH) N(XM5:MSKY130_FD_PR__PFET_01V8_HVT:GDS) N(XM5:MSKY130_FD_PR__PFET_01V8_HVT:GM) N(XM5:MSKY130_FD_PR__PFET_01V8_HVT:VDSAT)      I(VDD)            I(VSIG)            V(VI)           V(SUPPLY)    
0        0.00000000e+00    5.22853080e-01    1.34629931e-11    1.43438877e-09    4.15582382e-02    5.98049806e-01    1.10295450e-12    1.45125595e-10    4.07969714e-02    7.17171027e-12    6.33592225e-01    2.85509878e-04    9.82218339e-03    8.82417690e-01    7.49570294e-01    1.08309187e-04    6.32995707e-03    5.45940814e-01   -9.57007333e-02    2.93415292e-54    0.00000000e+00    1.80000000e+00
1        1.00000000e-01    5.22853080e-01    2.35736226e-10    2.51078783e-08    4.15586568e-02    5.98049806e-01    1.64452486e-11    2.17764420e-09    4.07970158e-02    8.23031559e-11    6.33592225e-01    2.24062547e-04    8.76785561e-03    7.81007960e-01    7.49570294e-01    8.46451265e-05    5.59353987e-03    4.77771379e-01   -9.32127286e-02    1.40458507e-56    1.00000000e-01    1.80000000e+00
2        2.00000000e-01    5.22853080e-01    4.08161176e-09    4.32238974e-07    4.15659102e-02    5.98049806e-01    2.44448906e-10    3.25393817e-08    4.07976806e-02    1.20684037e-09    6.33592225e-01    1.75336673e-04    7.74975039e-03    6.86869469e-01    7.49570294e-01    6.51429014e-05    4.90567661e-03    4.14509667e-01   -9.09182880e-02    2.19462447e-57    2.00000000e-01    1.80000000e+00
3        3.00000000e-01    5.22853078e-01    6.75283915e-08    6.97264643e-06    4.16856828e-02    5.98049806e-01    3.59173074e-09    4.78577391e-07    4.08075178e-02    1.78511240e-08    6.33592225e-01    1.36128207e-04    6.76887640e-03    5.99118763e-01    7.49570294e-01    4.90292156e-05    4.26025051e-03    3.55458907e-01   -8.88292975e-02   -3.81265702e-56    3.00000000e-01    1.80000000e+00
4        4.00000000e-01    5.22853057e-01    9.44900619e-07    9.12749675e-05    4.33364678e-02    5.98049804e-01    5.05691314e-08    6.65474944e-06    4.09469513e-02    2.54458113e-07    6.33592224e-01    1.04320387e-04    5.82648226e-03    5.17006857e-01    7.49570294e-01    3.57416217e-05    3.65065475e-03    2.99964694e-01   -8.69585378e-02   -5.05487448e-57    4.00000000e-01    1.80000000e+00
5        5.00000000e-01    5.22852869e-01    8.30720442e-06    7.85270700e-04    5.67805553e-02    5.98049787e-01    6.18103682e-07    7.91212856e-05    4.26426504e-02    3.23537897e-06    6.33592224e-01    7.84468871e-05    4.92405259e-03    4.39895401e-01    7.49570294e-01    2.48714509e-05    3.06614076e-03    2.47410225e-01   -8.53421902e-02    5.00678528e-57    5.00000000e-01    1.80000000e+00
6        6.00000000e-01    5.22852205e-01    3.49533365e-05    3.45544502e-03    1.00583585e-01    5.98049622e-01    5.26538808e-06    7.21544184e-04    5.58134278e-02    3.30862657e-05    6.33592224e-01    5.74463495e-05    4.06233994e-03    3.67248703e-01    7.49570294e-01    1.61425413e-05    2.48633512e-03    1.97298798e-01   -8.41369309e-02    3.44405002e-57    6.00000000e-01    1.80000000e+00
7        7.00000000e-01    5.22851486e-01    8.02158764e-05    7.12146711e-03    1.62123923e-01    5.98048809e-01    2.39067370e-05    3.59535220e-03    9.93056222e-02    2.26180500e-04    6.33592224e-01    4.05191218e-05    3.23967093e-03    2.98667344e-01    7.49570294e-01    9.41481736e-06    1.88034253e-03    1.49565785e-01   -8.36601570e-02    1.60293983e-56    7.00000000e-01    1.80000000e+00
8        8.00000000e-01    5.22851223e-01    1.33377206e-04    9.97472575e-03    2.20180519e-01    5.98047335e-01    5.72368427e-05    7.28564584e-03    1.58254204e-01    7.81076068e-04    6.33592224e-01    2.70481497e-05    2.45118004e-03    2.34030832e-01    7.49570294e-01    4.66720736e-06    1.23431977e-03    1.05305120e-01   -8.41014586e-02   -2.20829142e-56    8.00000000e-01    1.80000000e+00
9        9.00000000e-01    5.22851295e-01    1.89830591e-04    1.21076151e-02    2.70551722e-01    5.98046010e-01    9.55874964e-05    9.37277147e-03    2.08862982e-01    1.62569204e-03    6.33592225e-01    1.65785656e-05    1.69544881e-03    1.73882497e-01    7.49570294e-01    1.84568786e-06    6.25546117e-04    6.76281968e-02   -8.52994281e-02    6.61860458e-57    9.00000000e-01    1.80000000e+00
10       1.00000000e+00    5.22851515e-01    2.48633595e-04    1.37584042e-02    3.14679162e-01    5.98045054e-01    1.35708645e-04    1.05989889e-02    2.49317717e-01    2.62830238e-03    6.33592225e-01    8.86000227e-06    1.00056537e-03    1.20157408e-01    7.49570294e-01    5.70484739e-07    2.19136557e-04    4.08247100e-02   -8.70421877e-02   -2.78349639e-56    1.00000000e+00    1.80000000e+00
11       1.10000000e+00    5.22851782e-01    3.09517826e-04    1.50110830e-02    3.54281941e-01    5.98044402e-01    1.77499813e-04    1.15019716e-02    2.83012121e-01    3.73542473e-03    6.33592225e-01    3.83940225e-06    4.55024060e-04    7.67178546e-02    7.49570294e-01    1.49002513e-07    5.51673227e-05    2.63494642e-02   -8.91921841e-02    5.36895310e-56    1.10000000e+00    1.80000000e+00
12       1.20000000e+00    5.22852046e-01    3.72298409e-04    1.59191638e-02    3.90729786e-01    5.98043985e-01    2.21013797e-04    1.21944895e-02    3.12319019e-01    4.92192235e-03    6.33592225e-01    1.28214646e-06    1.47798116e-04    4.77109543e-02    7.49570294e-01    3.62107172e-08    1.24078083e-05    2.06447080e-02   -9.16425437e-02   -3.02047659e-56    1.20000000e+00    1.80000000e+00
13       1.30000000e+00    5.22852285e-01    4.36867631e-04    1.65382713e-02    4.25100951e-01    5.98043759e-01    2.66161436e-04    1.27090908e-02    3.38669204e-01    6.16850234e-03    6.33592225e-01    3.43536699e-07    3.68133857e-05    3.31878376e-02    7.49570294e-01    8.34382290e-09    2.81009970e-06    1.89326274e-02   -9.43082237e-02    1.50586079e-56    1.30000000e+00    1.80000000e+00
14       1.40000000e+00    5.22852491e-01    5.03228675e-04    1.69230207e-02    4.58250052e-01    5.98043693e-01    3.12813657e-04    1.30759395e-02    3.62997195e-01    7.45886751e-03    6.33592225e-01    8.01894980e-08    8.29494711e-06    2.79880352e-02    7.49570294e-01    1.82535730e-09    6.23051426e-07    1.85056187e-02   -9.71290619e-02   -1.77340183e-56    1.40000000e+00    1.80000000e+00
15       1.50000000e+00    5.22852660e-01    5.71505550e-04    1.71219745e-02    4.90853183e-01    5.98043761e-01    3.60866756e-04    1.33251447e-02    3.85961532e-01    8.77977347e-03    6.33592225e-01    1.68213964e-08    1.75352690e-06    2.66064359e-02    7.49570294e-01    3.85191028e-10    1.33253588e-07    1.84097401e-02   -1.00062283e-01   -2.33368324e-56    1.50000000e+00    1.80000000e+00
16       1.60000000e+00    5.22852793e-01    6.41939815e-04    1.71757706e-02    5.23442634e-01    5.98043943e-01    4.10263138e-04    1.34827406e-02    4.08046899e-01    1.01208042e-02    6.33592225e-01    3.24751042e-09    3.43279267e-07    2.63070072e-02    7.49570294e-01    7.96826517e-11    2.77833427e-08    1.83893293e-02   -1.03070177e-01    1.10851349e-56    1.60000000e+00    1.80000000e+00
17       1.70000000e+00    5.22852893e-01    7.14884876e-04    1.71172939e-02    5.56435743e-01    5.98044218e-01    4.60992509e-04    1.35694822e-02    4.29618560e-01    1.14738831e-02    6.33592225e-01    5.96813269e-10    6.36256970e-08    2.62490080e-02    7.49570294e-01    1.63223078e-11    5.71368651e-09    1.83850933e-02   -1.06116623e-01    3.72632210e-57    1.70000000e+00    1.80000000e+00
18       1.80000000e+00    5.22852965e-01    7.90803224e-04    1.69726579e-02    5.90158842e-01    5.98044570e-01    5.13087084e-04    1.36013492e-02    4.50955881e-01    1.28327630e-02    6.33592225e-01    1.07050136e-10    1.14594658e-08    2.62383634e-02    7.49570294e-01    3.32807684e-12    1.16717813e-09    1.83842245e-02   -1.09172033e-01   -8.98593683e-58    1.80000000e+00    1.80000000e+00
End of Xyce(TM) Simulation
