Index       V(VI)       N(XM1:MSKY130_FD_PR__NFET_01V8_LVT:VTH) N(XM1:MSKY130_FD_PR__NFET_01V8_LVT:GDS) N(XM1:MSKY130_FD_PR__NFET_01V8_LVT:GM) N(XM1:MSKY130_FD_PR__NFET_01V8_LVT:VDSAT) N(XM2:MSKY130_FD_PR__NFET_01V8:VTH) N(XM2:MSKY130_FD_PR__NFET_01V8:GDS) N(XM2:MSKY130_FD_PR__NFET_01V8:GM) N(XM2:MSKY130_FD_PR__NFET_01V8:VDSAT) ID(XM2:MSKY130_FD_PR__NFET_01V8) N(XM4:MSKY130_FD_PR__PFET_01V8:VTH) N(XM4:MSKY130_FD_PR__PFET_01V8:GDS) N(XM4:MSKY130_FD_PR__PFET_01V8:GM) N(XM4:MSKY130_FD_PR__PFET_01V8:VDSAT) N(XM5:MSKY130_FD_PR__PFET_01V8_HVT:VTH) N(XM5:MSKY130_FD_PR__PFET_01V8_HVT:GDS) N(XM5:MSKY130_FD_PR__PFET_01V8_HVT:GM) N(XM5:MSKY130_FD_PR__PFET_01V8_HVT:VDSAT)      I(VDD)            I(VSIG)            V(VI)           V(SUPPLY)    
0        0.00000000e+00    5.01140500e-01    5.99480712e-14    7.63383451e-12    4.06208884e-02    6.03632973e-01    8.41853842e-15    1.59123490e-12    4.03018161e-02    1.87059565e-12    5.82534294e-01    8.67132906e-07    5.30112629e-05    8.64948703e-01    6.61700161e-01    6.13162819e-07    5.72804819e-05    8.98771993e-01   -7.92702529e-02    1.97162526e-55    0.00000000e+00    1.80000000e+00
1        1.00000000e-01    5.01140500e-01    1.26997710e-12    1.61293208e-10    4.06215828e-02    6.03632973e-01    1.16441406e-13    2.19904038e-11    4.03019562e-02    2.64820640e-12    5.82534294e-01    6.60220093e-07    4.69933134e-05    7.70973457e-01    6.61700161e-01    4.41632951e-07    4.92438554e-05    7.82926519e-01   -7.92539683e-02    0.00000000e+00    1.00000000e-01    1.80000000e+00
2        2.00000000e-01    5.01140500e-01    2.63321819e-11    3.30143222e-09    4.06359679e-02    6.03632973e-01    1.60210546e-12    3.01588398e-10    4.03038833e-02    1.33456508e-11    5.82534294e-01    5.00661271e-07    4.12249795e-05    6.83065286e-01    6.61700161e-01    3.19186085e-07    4.20652009e-05    6.77621865e-01   -7.92394451e-02   -1.47157528e-56    2.00000000e-01    1.80000000e+00
3        3.00000000e-01    5.01140500e-01    4.97876369e-10    5.93639125e-08    4.09065146e-02    6.03632973e-01    2.16236358e-11    4.02482908e-09    4.03298687e-02    1.57675552e-10    5.82534294e-01    3.76130192e-07    3.57219709e-05    6.00566025e-01    6.61700161e-01    2.29015725e-07    3.56391252e-05    5.81171180e-01   -7.92266535e-02   -9.83911258e-56    3.00000000e-01    1.80000000e+00
4        4.00000000e-01    5.01140500e-01    6.81134484e-09    7.32638774e-07    4.45082760e-02    6.03632973e-01    2.72975569e-10    4.92063512e-08    4.06562772e-02    1.98363742e-09    5.82534294e-01    2.78409476e-07    3.05016307e-05    5.22920880e-01    6.61700161e-01    1.61342203e-07    2.98634512e-05    4.92103513e-01   -7.92155677e-02   -4.57902787e-56    4.00000000e-01    1.80000000e+00
5        5.00000000e-01    5.01140499e-01    4.65457673e-08    5.07382850e-06    6.65405392e-02    6.03632973e-01    2.82018412e-09    4.92465760e-07    4.39278325e-02    2.16183808e-08    5.82534294e-01    2.01764461e-07    2.55815841e-05    4.49664648e-01    6.61700161e-01    1.10113471e-07    2.46204174e-05    4.09122358e-01   -7.92063154e-02   -3.13621054e-56    5.00000000e-01    1.80000000e+00
6        6.00000000e-01    5.01140497e-01    1.48586786e-07    1.70594274e-05    1.19275270e-01    6.03632972e-01    1.89807877e-08    3.67390582e-06    6.30184542e-02    1.85147981e-07    5.82534294e-01    1.42030295e-07    2.09762529e-05    3.80417916e-01    6.61700161e-01    7.14576155e-08    1.97509587e-05    3.31168486e-01   -7.91995469e-02    3.18837589e-56    6.00000000e-01    1.80000000e+00
7        7.00000000e-01    5.01140496e-01    2.91755288e-07    3.15340916e-05    1.85939015e-01    6.03632970e-01    7.23361730e-08    1.46936352e-05    1.13401736e-01    1.03402216e-06    5.82534294e-01    9.60797523e-08    1.66923023e-05    3.14906396e-01    6.61700161e-01    4.29135960e-08    1.50534070e-05    2.57709034e-01   -7.91962866e-02   -6.60095832e-57    7.00000000e-01    1.80000000e+00
8        8.00000000e-01    5.01140496e-01    4.50759465e-07    4.44897216e-05    2.52007567e-01    6.03632967e-01    1.72381758e-07    2.96222598e-05    1.82496160e-01    3.25483294e-06    5.82534294e-01    6.15058339e-08    1.27264419e-05    2.53036325e-01    6.61700161e-01    2.29589060e-08    1.03945072e-05    1.89408066e-01   -7.91971320e-02   -4.91297961e-56    8.00000000e-01    1.80000000e+00
9        9.00000000e-01    5.01140496e-01    6.18385965e-07    5.59953697e-05    3.14342044e-01    6.03632965e-01    3.11752080e-07    4.26194840e-05    2.52813062e-01    6.88670077e-06    5.82534294e-01    3.64242204e-08    9.07738584e-06    1.95094472e-01    6.61700161e-01    1.04651273e-08    6.00949809e-06    1.29033194e-01   -7.92018723e-02   -6.55152765e-56    9.00000000e-01    1.80000000e+00
10       1.00000000e+00    5.01140497e-01    7.94021943e-07    6.62396745e-05    3.73113522e-01    6.03632965e-01    4.86297903e-07    5.37948869e-05    3.19501520e-01    1.17187102e-05    5.82534294e-01    1.93154723e-08    5.79784427e-06    1.42160001e-01    6.61700161e-01    3.95110712e-09    2.64831200e-06    8.13552192e-02   -7.92100162e-02    6.28775348e-57    1.00000000e+00    1.80000000e+00
11       1.10000000e+00    5.01140498e-01    9.78418970e-07    7.52190369e-05    4.28962479e-01    6.03632966e-01    6.96397923e-07    6.38126291e-05    3.82588984e-01    1.76076217e-05    5.82534294e-01    8.80580550e-09    3.08853200e-06    9.66198905e-02    6.61700161e-01    1.26848445e-09    8.53263129e-07    5.01385802e-02   -7.92210626e-02    3.14924805e-56    1.10000000e+00    1.80000000e+00
12       1.20000000e+00    5.01140499e-01    1.17275641e-06    8.29426733e-05    4.82550507e-01    6.03632967e-01    9.43586647e-07    7.27793155e-05    4.42710032e-01    2.44459368e-05    5.82534294e-01    3.34040238e-09    1.26481454e-06    6.19109046e-02    6.61700161e-01    3.72468561e-10    2.21544185e-07    3.40947349e-02   -7.92345166e-02    1.89948650e-56    1.20000000e+00    1.80000000e+00
13       1.30000000e+00    5.01140499e-01    1.37859123e-06    8.94762968e-05    5.34505605e-01    6.03632969e-01    1.22940755e-06    8.06427282e-05    5.00400147e-01    3.21261939e-05    5.82534294e-01    1.05836287e-09    3.88980322e-07    4.02198029e-02    6.61700161e-01    1.04414029e-10    5.55474333e-08    2.76533859e-02   -7.92499381e-02   -4.68603068e-56    1.30000000e+00    1.80000000e+00
14       1.40000000e+00    5.01140499e-01    1.59794174e-06    9.49263882e-05    5.85408731e-01    6.03632970e-01    1.55537911e-06    8.73736136e-05    5.56104234e-01    4.05362265e-05    5.82534294e-01    2.89159554e-10    9.90738745e-08    2.98366571e-02    6.61700161e-01    2.79506296e-11    1.43621263e-08    2.55420685e-02   -7.92669715e-02    3.83019532e-56    1.40000000e+00    1.80000000e+00
15       1.50000000e+00    5.01140500e-01    1.83340916e-06    9.94190173e-05    6.35785851e-01    6.03632971e-01    1.92322770e-06    9.29917454e-05    6.10223913e-01    4.95634134e-05    5.82534294e-01    6.90168208e-11    2.33370804e-08    2.61604859e-02    6.61700161e-01    7.16519671e-12    3.69773730e-09    2.49396772e-02   -7.92853375e-02    4.98086263e-56    1.50000000e+00    1.80000000e+00
16       1.60000000e+00    5.01140500e-01    2.08834199e-06    1.03084306e-04    6.86104629e-01    6.03632972e-01    2.33515658e-06    9.75533736e-05    6.63135656e-01    5.90990558e-05    5.82534294e-01    1.45271936e-11    5.05625294e-09    2.51764310e-02    6.61700161e-01    1.78176457e-12    9.29252966e-10    2.47814595e-02   -7.93047926e-02    2.81785333e-57    1.60000000e+00    1.80000000e+00
17       1.70000000e+00    5.01140500e-01    2.36706314e-06    1.06046648e-04    7.36775347e-01    6.03632972e-01    2.79411996e-06    1.01136242e-04    7.15193323e-01    6.90412573e-05    5.82534294e-01    2.79471070e-12    9.98911949e-10    2.49613425e-02    6.61700161e-01    4.35217945e-13    2.28715931e-10    2.47417392e-02   -7.93251016e-02    3.69978146e-56    1.70000000e+00    1.80000000e+00
18       1.80000000e+00    5.01140500e-01    2.67518937e-06    1.08419118e-04    7.88154743e-01    6.03632973e-01    3.30411612e-06    1.03828441e-04    7.66726120e-01    7.92964872e-05    5.82534294e-01    5.11479226e-13    1.85533217e-10    2.49195137e-02    6.61700161e-01    1.05293830e-13    5.55761455e-11    2.47319982e-02   -7.93460493e-02    8.58400494e-57    1.80000000e+00    1.80000000e+00
End of Xyce(TM) Simulation
