Index       V(VI)       N(XM1:MSKY130_FD_PR__NFET_01V8_LVT:VTH) N(XM1:MSKY130_FD_PR__NFET_01V8_LVT:GDS) N(XM1:MSKY130_FD_PR__NFET_01V8_LVT:GM) N(XM1:MSKY130_FD_PR__NFET_01V8_LVT:VDSAT) N(XM2:MSKY130_FD_PR__NFET_01V8:VTH) N(XM2:MSKY130_FD_PR__NFET_01V8:GDS) N(XM2:MSKY130_FD_PR__NFET_01V8:GM) N(XM2:MSKY130_FD_PR__NFET_01V8:VDSAT) ID(XM2:MSKY130_FD_PR__NFET_01V8) N(XM4:MSKY130_FD_PR__PFET_01V8:VTH) N(XM4:MSKY130_FD_PR__PFET_01V8:GDS) N(XM4:MSKY130_FD_PR__PFET_01V8:GM) N(XM4:MSKY130_FD_PR__PFET_01V8:VDSAT) N(XM5:MSKY130_FD_PR__PFET_01V8_HVT:VTH) N(XM5:MSKY130_FD_PR__PFET_01V8_HVT:GDS) N(XM5:MSKY130_FD_PR__PFET_01V8_HVT:GM) N(XM5:MSKY130_FD_PR__PFET_01V8_HVT:VDSAT)      I(VDD)            I(VSIG)            V(VI)           V(SUPPLY)    
0        0.00000000e+00    4.41990312e-01    8.11972089e-14    1.50329053e-11    3.70911970e-02    5.33461792e-01    1.36112454e-14    3.74092777e-12    3.77245646e-02    1.94738095e-12    7.30242099e-01    3.41998032e-08    3.23977477e-05    5.84200195e-01    7.44924912e-01    3.42906364e-08    3.74751712e-05    5.62452195e-01   -7.92450417e-02    1.80031790e-54    0.00000000e+00    1.80000000e+00
1        1.00000000e-01    4.41990312e-01    2.17140048e-12    3.99928201e-10    3.70928954e-02    5.33461792e-01    2.07261069e-13    5.68829061e-11    3.77249061e-02    3.90194180e-12    7.30242099e-01    2.73158993e-08    2.93861383e-05    5.24354746e-01    7.44924912e-01    2.61440806e-08    3.17396062e-05    4.86781878e-01   -7.92318998e-02    0.00000000e+00    1.00000000e-01    1.80000000e+00
2        2.00000000e-01    4.41990312e-01    5.56297136e-11    9.99470309e-09    3.71363246e-02    5.33461792e-01    3.12991916e-12    8.54422306e-10    3.77300605e-02    3.34046340e-11    7.30242099e-01    2.15395729e-08    2.63597364e-05    4.66223774e-01    7.44924912e-01    1.98052864e-08    2.66819739e-05    4.18095297e-01   -7.92204136e-02   -1.28950324e-55    2.00000000e-01    1.80000000e+00
3        3.00000000e-01    4.41990312e-01    1.17497352e-09    1.94053160e-07    3.80443759e-02    5.33461792e-01    4.57908234e-11    1.22762771e-08    3.78052953e-02    4.64791537e-10    7.30242099e-01    1.66992434e-08    2.33252975e-05    4.09726379e-01    7.44924912e-01    1.48210232e-08    2.21986147e-05    3.55446119e-01   -7.92105214e-02   -3.60642898e-55    3.00000000e-01    1.80000000e+00
4        4.00000000e-01    4.41990312e-01    1.36811225e-08    2.15682730e-06    4.81103446e-02    5.33461792e-01    5.97600814e-10    1.54541083e-07    3.87782439e-02    6.17074072e-09    7.30242099e-01    1.26604737e-08    2.02888441e-05    3.54786466e-01    7.44924912e-01    1.08822006e-08    1.82070226e-05    2.98036248e-01   -7.92022107e-02    1.78295707e-55    4.00000000e-01    1.80000000e+00
5        5.00000000e-01    4.41990310e-01    6.40676400e-08    1.14552655e-05    8.78699937e-02    5.33461792e-01    5.54840075e-09    1.54399944e-06    4.74910964e-02    6.77880676e-08    7.30242099e-01    9.31660077e-09    1.72523937e-05    3.01342531e-01    7.44924912e-01    7.77002375e-09    1.46365787e-05    2.45186045e-01   -7.91958583e-02    5.89099530e-55    5.00000000e-01    1.80000000e+00
6        6.00000000e-01    4.41990309e-01    1.50395237e-07    2.73090487e-05    1.54367401e-01    5.33461791e-01    2.68195819e-08    9.75001856e-06    8.45948718e-02    5.41592073e-07    7.30242099e-01    6.58304364e-09    1.42084159e-05    2.49384140e-01    7.44924912e-01    5.32594788e-09    1.14172458e-05    1.96335783e-01   -7.91925162e-02    5.48274264e-56    6.00000000e-01    1.80000000e+00
7        7.00000000e-01    4.41990308e-01    2.49853698e-07    4.32848253e-05    2.29758833e-01    5.33461787e-01    6.70885219e-08    2.62669003e-05    1.53393602e-01    2.31869349e-06    7.30242099e-01    4.39474614e-09    1.11364609e-05    1.99064221e-01    7.44924912e-01    3.43570635e-09    8.46958504e-06    1.51130766e-01   -7.91932569e-02    3.87657078e-55    7.00000000e-01    1.80000000e+00
8        8.00000000e-01    4.41990308e-01    3.53298614e-07    5.86806187e-05    3.07777310e-01    5.33461785e-01    1.14395864e-07    4.16315954e-05    2.31807744e-01    5.73964585e-06    7.30242099e-01    2.70562987e-09    8.02586966e-06    1.50992735e-01    7.44924912e-01    2.02198252e-09    5.72244161e-06    1.09712832e-01   -7.91982681e-02   -3.77100235e-55    8.00000000e-01    1.80000000e+00
9        9.00000000e-01    4.41990309e-01    4.58815840e-07    7.37116730e-05    3.87643842e-01    5.33461784e-01    1.63245738e-07    5.48805967e-05    3.09929821e-01    1.05745725e-05    7.30242099e-01    1.48490935e-09    4.98358774e-06    1.06827416e-01    7.44924912e-01    1.03720386e-09    3.22704881e-06    7.33490764e-02   -7.92071788e-02    3.53337362e-55    9.00000000e-01    1.80000000e+00
10       1.00000000e+00    4.41990310e-01    5.65891522e-07    8.82312160e-05    4.69446444e-01    5.33461785e-01    2.13686704e-07    6.75373272e-05    3.87301488e-01    1.66976586e-05    7.30242099e-01    6.98000039e-10    2.41164585e-06    6.98490450e-02    7.44924912e-01    4.38793043e-10    1.32610757e-06    4.49396347e-02   -7.92196885e-02    4.22415214e-56    1.00000000e+00    1.80000000e+00
11       1.10000000e+00    4.41990311e-01    6.74405309e-07    1.02014458e-04    5.53331637e-01    5.33461786e-01    2.66773571e-07    7.99207185e-05    4.64738546e-01    2.40729518e-05    7.30242099e-01    2.71028435e-10    8.32762078e-07    4.39633849e-02    7.44924912e-01    1.46035962e-10    3.62933148e-07    2.74130106e-02   -7.92354858e-02    4.38611438e-56    1.10000000e+00    1.80000000e+00
12       1.20000000e+00    4.41990311e-01    7.84660924e-07    1.14874338e-04    6.39440182e-01    5.33461788e-01    3.23680060e-07    9.18982752e-05    5.42739041e-01    3.26677299e-05    7.30242099e-01    8.45607833e-11    2.13515219e-07    3.01880696e-02    7.44924912e-01    3.75616944e-11    7.56671807e-08    1.98185848e-02   -7.92542180e-02    2.17482266e-55    1.20000000e+00    1.80000000e+00
13       1.30000000e+00    4.41990312e-01    8.97598352e-07    1.26679579e-04    7.27915898e-01    5.33461790e-01    3.85835227e-07    1.03311617e-04    6.21547707e-01    4.24332105e-05    7.30242099e-01    2.10149741e-11    4.77975581e-08    2.49515740e-02    7.44924912e-01    7.72548005e-12    1.46297694e-08    1.75800915e-02   -7.92755874e-02    8.34575963e-56    1.30000000e+00    1.80000000e+00
14       1.40000000e+00    4.41990312e-01    1.01515237e-06    1.37352227e-04    8.18911283e-01    5.33461791e-01    4.55193896e-07    1.14052675e-04    7.01304924e-01    5.33071795e-05    7.30242099e-01    4.32073139e-12    9.88338938e-09    2.35181325e-02    7.44924912e-01    1.37234796e-12    2.63980587e-09    1.70937593e-02   -7.92993582e-02    2.35354048e-55    1.40000000e+00    1.80000000e+00
15       1.50000000e+00    4.41990312e-01    1.14090693e-06    1.46861366e-04    9.12589000e-01    5.33461792e-01    5.34580958e-07    1.24056101e-04    7.82117835e-01    6.52188508e-05    7.30242099e-01    7.88296712e-13    1.85616783e-09    2.32114697e-02    7.44924912e-01    2.26068683e-13    4.43180816e-10    1.70056339e-02   -7.93253099e-02   -4.03698477e-55    1.50000000e+00    1.80000000e+00
16       1.60000000e+00    4.41990312e-01    1.28139124e-06    1.55214687e-04    1.00912195e+00    5.33461792e-01    6.28211419e-07    1.33285099e-04    8.64086425e-01    7.80924118e-05    7.30242099e-01    1.35354213e-13    3.24734415e-10    2.31546544e-02    7.44924912e-01    3.60106696e-14    7.13072374e-11    1.69910111e-02   -7.93532132e-02   -1.04581297e-55    1.60000000e+00    1.80000000e+00
17       1.70000000e+00    4.41990312e-01    1.44884553e-06    1.62447226e-04    1.10869310e+00    5.33461792e-01    7.42567523e-07    1.41721879e-04    9.47311718e-01    9.18493798e-05    7.30242099e-01    2.26167278e-14    5.47488469e-11    2.31448405e-02    7.44924912e-01    5.65677020e-15    1.12507645e-11    1.69886754e-02   -7.93828327e-02    8.08195449e-56    1.70000000e+00    1.80000000e+00
18       1.80000000e+00    4.41990312e-01    1.66762521e-06    1.68604955e-04    1.21149538e+00    5.33461792e-01    8.87972567e-07    1.49360932e-04    1.03189782e+00    1.06410165e-04    7.30242099e-01    3.73582407e-15    9.07843802e-12    2.31431968e-02    7.44924912e-01    8.83625453e-16    1.76062282e-12    1.69883081e-02   -7.94139465e-02   -3.39934791e-55    1.80000000e+00    1.80000000e+00
End of Xyce(TM) Simulation
