Index       V(VI)       N(XM1:MSKY130_FD_PR__NFET_01V8_LVT:VTH) N(XM1:MSKY130_FD_PR__NFET_01V8_LVT:GDS) N(XM1:MSKY130_FD_PR__NFET_01V8_LVT:GM) N(XM1:MSKY130_FD_PR__NFET_01V8_LVT:VDSAT) N(XM2:MSKY130_FD_PR__NFET_01V8:VTH) N(XM2:MSKY130_FD_PR__NFET_01V8:GDS) N(XM2:MSKY130_FD_PR__NFET_01V8:GM) N(XM2:MSKY130_FD_PR__NFET_01V8:VDSAT) ID(XM2:MSKY130_FD_PR__NFET_01V8) N(XM4:MSKY130_FD_PR__PFET_01V8:VTH) N(XM4:MSKY130_FD_PR__PFET_01V8:GDS) N(XM4:MSKY130_FD_PR__PFET_01V8:GM) N(XM4:MSKY130_FD_PR__PFET_01V8:VDSAT) N(XM5:MSKY130_FD_PR__PFET_01V8_HVT:VTH) N(XM5:MSKY130_FD_PR__PFET_01V8_HVT:GDS) N(XM5:MSKY130_FD_PR__PFET_01V8_HVT:GM) N(XM5:MSKY130_FD_PR__PFET_01V8_HVT:VDSAT)      I(VDD)            I(VSIG)            V(VI)           V(SUPPLY)    
0        0.00000000e+00    4.37521009e-01    3.98243812e-14    7.38210095e-12    3.68843497e-02    5.28643388e-01    6.39418221e-15    1.83742489e-12    3.74328723e-02    1.87747714e-12    7.31812670e-01    6.58146467e-09    1.34246531e-05    5.70293044e-01    7.54330344e-01    5.56933484e-09    1.56649051e-05    5.55256681e-01   -7.92038232e-02    4.41148052e-54    0.00000000e+00    1.80000000e+00
1        1.00000000e-01    4.37521009e-01    1.06414245e-12    1.96156256e-10    3.68863071e-02    5.28643388e-01    9.73521611e-14    2.79318130e-11    3.74332707e-02    2.83735621e-12    7.31812670e-01    5.39272026e-09    1.22091519e-05    5.12763824e-01    7.54330344e-01    4.39663345e-09    1.32966696e-05    4.81261754e-01   -7.91983430e-02    0.00000000e+00    1.00000000e-01    1.80000000e+00
2        2.00000000e-01    4.37521009e-01    2.71551361e-11    4.87466863e-09    3.69361565e-02    5.28643388e-01    1.46887897e-12    4.19006734e-10    3.74392782e-02    1.73131150e-11    7.31812670e-01    4.38068085e-09    1.09784076e-05    4.56669804e-01    7.54330344e-01    3.46866616e-09    1.11950144e-05    4.13803083e-01   -7.91935420e-02    3.34095589e-51    2.00000000e-01    1.80000000e+00
3        3.00000000e-01    4.37521009e-01    5.64379592e-10    9.28613033e-08    3.79610057e-02    5.28643388e-01    2.14128312e-11    5.99129619e-09    3.75266360e-02    2.28244378e-10    7.31812670e-01    3.51568136e-09    9.73596124e-06    4.01951577e-01    7.54330344e-01    2.71930506e-09    9.32130054e-06    3.52036383e-01   -7.91893995e-02    3.97101507e-55    3.00000000e-01    1.80000000e+00
4        4.00000000e-01    4.37521009e-01    6.32916036e-09    1.00340976e-06    4.88703750e-02    5.28643388e-01    2.75939961e-10    7.45175844e-08    3.86414673e-02    2.99133623e-09    7.31812670e-01    2.77490860e-09    8.48503201e-06    3.48552741e-01    7.54330344e-01    2.10523495e-09    7.64443265e-06    2.95247015e-01   -7.91859180e-02   -3.31219046e-57    4.00000000e-01    1.80000000e+00
5        5.00000000e-01    4.37521009e-01    2.85221476e-08    5.13679821e-06    9.00845341e-02    5.28643388e-01    2.47829829e-09    7.32721419e-07    4.82849313e-02    3.24013055e-08    7.31812670e-01    2.14062530e-09    7.22709976e-06    2.96429928e-01    7.54330344e-01    1.59682968e-09    6.13751792e-06    2.42828176e-01   -7.91832745e-02    4.91660999e-55    5.00000000e-01    1.80000000e+00
6        6.00000000e-01    4.37521008e-01    6.55238404e-08    1.19482471e-05    1.57393640e-01    5.28643387e-01    1.14019345e-08    4.43207887e-06    8.73168425e-02    2.51680596e-07    7.31812670e-01    1.59915495e-09    5.95952596e-06    2.45589866e-01    7.54330344e-01    1.17329529e-09    4.77378154e-06    1.94289452e-01   -7.91819304e-02    8.93491904e-56    6.00000000e-01    1.80000000e+00
7        7.00000000e-01    4.37521008e-01    1.07766342e-07    1.87989049e-05    2.33440236e-01    5.28643386e-01    2.74002012e-08    1.14761918e-05    1.57215758e-01    1.03907760e-06    7.31812670e-01    1.14064393e-09    4.67418815e-06    1.96203167e-01    7.54330344e-01    8.20372308e-10    3.52332126e-06    1.49347758e-01   -7.91823354e-02   -6.85951175e-55    7.00000000e-01    1.80000000e+00
8        8.00000000e-01    4.37521008e-01    1.51550908e-07    2.54520973e-05    3.12435748e-01    5.28643385e-01    4.55153151e-08    1.79888110e-05    2.36409932e-01    2.52245076e-06    7.31812670e-01    7.59722437e-10    3.36752791e-06    1.48901118e-01    7.54330344e-01    5.30061456e-10    2.36164887e-06    1.08220429e-01   -7.91845570e-02    6.50021349e-55    8.00000000e-01    1.80000000e+00
9        9.00000000e-01    4.37521008e-01    1.96033348e-07    3.19911321e-05    3.93706422e-01    5.28643384e-01    6.36636387e-08    2.37093299e-05    3.15900682e-01    4.61062059e-06    7.31812670e-01    4.56645058e-10    2.08715479e-06    1.05369346e-01    7.54330344e-01    3.01764869e-10    1.31713145e-06    7.22405437e-02   -7.91884489e-02   -8.77410680e-55    9.00000000e-01    1.80000000e+00
10       1.00000000e+00    4.37521008e-01    2.40887262e-07    3.83480027e-05    4.77363946e-01    5.28643385e-01    8.17807539e-08    2.92364002e-05    3.95349841e-01    7.25848742e-06    7.31812670e-01    2.36186612e-10    1.00649140e-06    6.89142271e-02    7.54330344e-01    1.41274301e-10    5.34667104e-07    4.43094579e-02   -7.91938952e-02   -9.59207312e-55    1.00000000e+00    1.80000000e+00
11       1.10000000e+00    4.37521009e-01    2.85909512e-07    4.44239697e-05    5.63568306e-01    5.28643385e-01    1.00103907e-07    3.46829956e-05    4.75529717e-01    1.04551947e-05    7.31812670e-01    9.94868344e-11    3.46285852e-07    4.34355729e-02    7.54330344e-01    5.04392399e-11    1.45230942e-07    2.72265797e-02   -7.92007714e-02    2.80346543e-55    1.10000000e+00    1.80000000e+00
12       1.20000000e+00    4.37521009e-01    3.31026007e-07    5.01361816e-05    6.52472211e-01    5.28643386e-01    1.18869013e-07    3.99890718e-05    5.56907241e-01    1.41901623e-05    7.31812670e-01    3.26121982e-11    8.86935778e-08    2.99164682e-02    7.54330344e-01    1.32423824e-11    3.01916986e-08    1.99072908e-02   -7.92089358e-02    4.80774663e-55    1.20000000e+00    1.80000000e+00
13       1.30000000e+00    4.37521009e-01    3.76362743e-07    5.54251595e-05    7.44230945e-01    5.28643387e-01    1.38361460e-07    4.50858303e-05    6.39710826e-01    1.84457851e-05    7.31812670e-01    8.27433735e-12    1.98871481e-08    2.47921416e-02    7.54330344e-01    2.67575727e-12    5.75362652e-09    1.77899010e-02   -7.92182694e-02   -6.54280399e-55    1.30000000e+00    1.80000000e+00
14       1.40000000e+00    4.37521009e-01    4.22369136e-07    6.02541529e-05    8.39008708e-01    5.28643387e-01    1.59005689e-07    4.99247134e-05    7.24069343e-01    2.31985465e-05    7.31812670e-01    1.71474479e-12    4.12225076e-09    2.33907890e-02    7.54330344e-01    4.58905224e-13    1.00609313e-09    1.73434445e-02   -7.92286779e-02   -5.76282540e-55    1.40000000e+00    1.80000000e+00
15       1.50000000e+00    4.37521009e-01    4.70056709e-07    6.46068960e-05    9.36980994e-01    5.28643388e-01    1.81479712e-07    5.44744158e-05    8.10078944e-01    2.84209723e-05    7.31812670e-01    3.14421950e-13    7.76891720e-10    2.30904877e-02    7.54330344e-01    7.25826657e-14    1.62348366e-10    1.72655620e-02   -7.92400721e-02   -5.90926338e-55    1.50000000e+00    1.80000000e+00
16       1.60000000e+00    4.37521009e-01    5.21511210e-07    6.84843543e-05    1.03833560e+00    5.28643388e-01    2.06899850e-07    5.87154824e-05    8.97828146e-01    3.40830805e-05    7.31812670e-01    5.42509650e-14    1.36519725e-10    2.30346489e-02    7.54330344e-01    1.10864427e-14    2.50501793e-11    1.72531622e-02   -7.92523582e-02   -8.42432022e-55    1.60000000e+00    1.80000000e+00
17       1.70000000e+00    4.37521009e-01    5.81097617e-07    7.19000543e-05    1.14327337e+00    5.28643388e-01    2.37162084e-07    6.26366920e-05    9.87406195e-01    4.01533796e-05    7.31812670e-01    9.11058811e-15    2.31297101e-11    2.30249593e-02    7.54330344e-01    1.66966881e-15    3.78896587e-12    1.72512634e-02   -7.92654394e-02    5.61621234e-55    1.70000000e+00    1.80000000e+00
18       1.80000000e+00    4.37521009e-01    6.58595727e-07    7.48725429e-05    1.25200898e+00    5.28643388e-01    2.75622710e-07    6.62324126e-05    1.07890561e+00    4.65995597e-05    7.31812670e-01    1.51259668e-15    3.85489226e-12    2.30233283e-02    7.54330344e-01    2.50069858e-16    5.68461615e-13    1.72509771e-02   -7.92792245e-02   -2.74186287e-55    1.80000000e+00    1.80000000e+00
End of Xyce(TM) Simulation
