Index       V(VI)       N(XM1:MSKY130_FD_PR__NFET_01V8_LVT:VTH) N(XM1:MSKY130_FD_PR__NFET_01V8_LVT:GDS) N(XM1:MSKY130_FD_PR__NFET_01V8_LVT:GM) N(XM1:MSKY130_FD_PR__NFET_01V8_LVT:VDSAT) N(XM2:MSKY130_FD_PR__NFET_01V8:VTH) N(XM2:MSKY130_FD_PR__NFET_01V8:GDS) N(XM2:MSKY130_FD_PR__NFET_01V8:GM) N(XM2:MSKY130_FD_PR__NFET_01V8:VDSAT) ID(XM2:MSKY130_FD_PR__NFET_01V8) N(XM4:MSKY130_FD_PR__PFET_01V8:VTH) N(XM4:MSKY130_FD_PR__PFET_01V8:GDS) N(XM4:MSKY130_FD_PR__PFET_01V8:GM) N(XM4:MSKY130_FD_PR__PFET_01V8:VDSAT) N(XM5:MSKY130_FD_PR__PFET_01V8_HVT:VTH) N(XM5:MSKY130_FD_PR__PFET_01V8_HVT:GDS) N(XM5:MSKY130_FD_PR__PFET_01V8_HVT:GM) N(XM5:MSKY130_FD_PR__PFET_01V8_HVT:VDSAT)      I(VDD)            I(VSIG)            V(VI)           V(SUPPLY)    
0        0.00000000e+00    4.30982214e-01    5.51452093e-14    1.16708632e-11    3.61380506e-02    5.27074854e-01    1.03995375e-14    2.84315827e-12    3.77482697e-02    1.91387036e-12    7.38208342e-01    3.78607107e-08    2.02252595e-05    5.58444879e-01    7.81464556e-01    4.44896545e-08    2.18029832e-05    5.38945828e-01   -7.92195818e-02    4.43086898e-54    0.00000000e+00    1.80000000e+00
1        1.00000000e-01    4.30982214e-01    1.51892824e-12    3.19507686e-10    3.61402510e-02    5.27074854e-01    1.60593934e-13    4.38368844e-11    3.77486713e-02    3.41402270e-12    7.38208342e-01    3.36652669e-08    1.83487163e-05    5.01029713e-01    7.81464556e-01    3.85492395e-08    1.89654438e-05    4.70126144e-01   -7.92111801e-02    0.00000000e+00    1.00000000e-01    1.80000000e+00
2        2.00000000e-01    4.30982214e-01    3.97515087e-11    8.12229280e-09    3.61977106e-02    5.27074854e-01    2.45728492e-12    6.66819451e-10    3.77548127e-02    2.63567811e-11    7.38208342e-01    2.96420555e-08    1.64534468e-05    4.45228758e-01    7.81464556e-01    3.30824888e-08    1.63443360e-05    4.06224306e-01   -7.92037965e-02    2.71358683e-55    2.00000000e-01    1.80000000e+00
3        3.00000000e-01    4.30982214e-01    8.28580118e-10    1.54590779e-07    3.73811471e-02    5.27074854e-01    3.62966133e-11    9.65690342e-09    3.78453003e-02    3.65100302e-10    7.38208342e-01    2.57649904e-08    1.45453958e-05    3.90974078e-01    7.81464556e-01    2.80059167e-08    1.39156137e-05    3.46669359e-01   -7.91974146e-02    1.71370419e-54    3.00000000e-01    1.80000000e+00
4        4.00000000e-01    4.30982214e-01    8.92273209e-09    1.64486061e-06    4.94133244e-02    5.27074854e-01    4.72231053e-10    1.21135058e-07    3.90109860e-02    4.84718784e-09    7.38208342e-01    2.20168243e-08    1.26303485e-05    3.38205053e-01    7.81464556e-01    2.32572344e-08    1.16565573e-05    2.90937834e-01   -7.91920512e-02    3.41319067e-55    4.00000000e-01    1.80000000e+00
5        5.00000000e-01    4.30982213e-01    3.82453800e-08    8.13127028e-06    9.20813669e-02    5.27074854e-01    4.23785346e-09    1.19026429e-06    4.90790128e-02    5.26844721e-08    7.38208342e-01    1.83874916e-08    1.07122465e-05    2.86879046e-01    7.81464556e-01    1.87884874e-08    9.53823756e-06    2.38555317e-01   -7.91879967e-02    7.89478044e-56    5.00000000e-01    1.80000000e+00
6        6.00000000e-01    4.30982213e-01    8.54469085e-08    1.83723703e-05    1.59136191e-01    5.27074853e-01    1.92536981e-08    7.06164765e-06    8.92181113e-02    4.04973016e-07    7.38208342e-01    1.48749136e-08    8.79033088e-06    2.37006767e-01    7.81464556e-01    1.45678306e-08    7.51522214e-06    1.89163342e-01   -7.91859555e-02   -4.94973506e-55    6.00000000e-01    1.80000000e+00
7        7.00000000e-01    4.30982212e-01    1.38956315e-07    2.86515366e-05    2.34091102e-01    5.27074850e-01    4.56913539e-08    1.79231259e-05    1.59967047e-01    1.64387327e-06    7.38208342e-01    1.14911333e-08    6.85741229e-06    1.88758113e-01    7.81464556e-01    1.05980301e-08    5.52594826e-06    1.42761477e-01   -7.91866030e-02    6.91627056e-55    7.00000000e-01    1.80000000e+00
8        8.00000000e-01    4.30982212e-01    1.94609946e-07    3.87110763e-05    3.11920994e-01    5.27074849e-01    7.53225961e-08    2.78709419e-05    2.39589615e-01    3.94896935e-06    7.38208342e-01    8.28056519e-09    4.91277586e-06    1.42742438e-01    7.81464556e-01    6.96477274e-09    3.55303945e-06    1.00289514e-01   -7.91900383e-02   -7.98944199e-56    8.00000000e-01    1.80000000e+00
9        9.00000000e-01    4.30982213e-01    2.51454208e-07    4.86324019e-05    3.92095317e-01    5.27074848e-01    1.04848162e-07    3.66250525e-05    3.19432762e-01    7.17869896e-06    7.38208342e-01    5.35819763e-09    3.02636534e-06    1.00590863e-01    7.81464556e-01    3.90050811e-09    1.78674819e-06    6.44058618e-02   -7.91960408e-02    2.87434712e-55    9.00000000e-01    1.80000000e+00
10       1.00000000e+00    4.30982213e-01    3.09111775e-07    5.82895982e-05    4.74739207e-01    5.27074849e-01    1.34169872e-07    4.50697495e-05    3.99233427e-01    1.12645672e-05    7.38208342e-01    2.94511186e-09    1.44951341e-06    6.55343354e-02    7.81464556e-01    1.73497680e-09    6.26297800e-07    3.89710856e-02   -7.92044183e-02   -7.66798056e-55    1.00000000e+00    1.80000000e+00
11       1.10000000e+00    4.30982214e-01    3.67373536e-07    6.75222727e-05    5.60017893e-01    5.27074850e-01    1.63638414e-07    5.33553011e-05    4.79744644e-01    1.61872821e-05    7.38208342e-01    1.28907484e-09    4.99040829e-07    4.13124926e-02    7.81464556e-01    5.85774653e-10    1.57603513e-07    2.54349678e-02   -7.92149593e-02   -7.76247118e-55    1.10000000e+00    1.80000000e+00
12       1.20000000e+00    4.30982214e-01    4.26229019e-07    7.61971402e-05    6.48093539e-01    5.27074852e-01    1.93593532e-07    6.13848030e-05    5.61413602e-01    2.19267193e-05    7.38208342e-01    4.25780635e-10    1.30343091e-07    2.86241350e-02    7.81464556e-01    1.53457617e-10    3.48639010e-08    2.03343001e-02   -7.92274454e-02   -6.89745786e-55    1.20000000e+00    1.80000000e+00
13       1.30000000e+00    4.30982214e-01    4.85979143e-07    8.42181935e-05    7.39134109e-01    5.27074853e-01    2.24447999e-07    6.90534905e-05    6.44458370e-01    2.84518414e-05    7.38208342e-01    1.04346010e-10    2.94268387e-08    2.38880680e-02    7.81464556e-01    3.36752078e-11    7.43438069e-09    1.89201495e-02   -7.92416987e-02    9.51169753e-55    1.30000000e+00    1.80000000e+00
14       1.40000000e+00    4.30982214e-01    5.47432466e-07    9.15261218e-05    8.33318769e-01    5.27074853e-01    2.56826039e-07    7.62888734e-05    7.29002821e-01    3.57226953e-05    7.38208342e-01    1.99698956e-11    5.80898258e-09    2.26437592e-02    7.81464556e-01    6.69138612e-12    1.49827288e-09    1.86015228e-02   -7.92575722e-02    5.10099904e-55    1.40000000e+00    1.80000000e+00
15       1.50000000e+00    4.30982214e-01    6.12283912e-07    9.80951071e-05    9.30839972e-01    5.27074854e-01    2.91738041e-07    8.30453836e-05    8.15140263e-01    4.36934813e-05    7.38208342e-01    3.28344430e-12    9.94164424e-10    2.23976264e-02    7.81464556e-01    1.26671069e-12    2.87461218e-10    1.85374654e-02   -7.92749242e-02   -3.46529855e-55    1.50000000e+00    1.80000000e+00
16       1.60000000e+00    4.30982214e-01    6.83919901e-07    1.03927713e-04    1.03190447e+00    5.27074854e-01    3.30862554e-07    8.92960807e-05    9.02956978e-01    5.23148213e-05    7.38208342e-01    5.01586034e-13    1.55227233e-10    2.23565910e-02    7.81464556e-01    2.34578577e-13    5.36246230e-11    1.85252773e-02   -7.92936055e-02   -3.89063457e-55    1.60000000e+00    1.80000000e+00
17       1.70000000e+00    4.30982214e-01    7.69293304e-07    1.09047335e-04    1.13673417e+00    5.27074854e-01    3.77069038e-07    9.50271068e-05    9.92539942e-01    6.15353349e-05    7.38208342e-01    7.42762258e-14    2.32055038e-11    2.23502877e-02    7.81464556e-01    4.30240993e-14    9.86905852e-12    1.85230153e-02   -7.93134645e-02    5.48857175e-55    1.70000000e+00    1.80000000e+00
18       1.80000000e+00    4.30982214e-01    8.83752585e-07    1.13486086e-04    1.24556711e+00    5.27074854e-01    4.35463724e-07    1.00233542e-04    1.08397909e+00    7.13027421e-05    7.38208342e-01    1.08638615e-14    3.40700543e-12    2.23493523e-02    7.81464556e-01    7.85827564e-15    1.80530732e-12    1.85226001e-02   -7.93343597e-02   -6.42931951e-55    1.80000000e+00    1.80000000e+00
End of Xyce(TM) Simulation
