Index       V(VI)       N(XM1:MSKY130_FD_PR__NFET_01V8_LVT:VTH) N(XM1:MSKY130_FD_PR__NFET_01V8_LVT:GDS) N(XM1:MSKY130_FD_PR__NFET_01V8_LVT:GM) N(XM1:MSKY130_FD_PR__NFET_01V8_LVT:VDSAT) N(XM2:MSKY130_FD_PR__NFET_01V8:VTH) N(XM2:MSKY130_FD_PR__NFET_01V8:GDS) N(XM2:MSKY130_FD_PR__NFET_01V8:GM) N(XM2:MSKY130_FD_PR__NFET_01V8:VDSAT) ID(XM2:MSKY130_FD_PR__NFET_01V8) N(XM4:MSKY130_FD_PR__PFET_01V8:VTH) N(XM4:MSKY130_FD_PR__PFET_01V8:GDS) N(XM4:MSKY130_FD_PR__PFET_01V8:GM) N(XM4:MSKY130_FD_PR__PFET_01V8:VDSAT) N(XM5:MSKY130_FD_PR__PFET_01V8_HVT:VTH) N(XM5:MSKY130_FD_PR__PFET_01V8_HVT:GDS) N(XM5:MSKY130_FD_PR__PFET_01V8_HVT:GM) N(XM5:MSKY130_FD_PR__PFET_01V8_HVT:VDSAT)      I(VDD)            I(VSIG)            V(VI)           V(SUPPLY)    
0        0.00000000e+00    4.45775023e-01    2.25399315e-13    4.14009442e-11    3.66042421e-02    5.42514136e-01    3.85642642e-14    8.78085887e-12    3.87806475e-02    2.13215890e-12    7.33608895e-01    3.13417907e-07    1.07259067e-04    6.14354137e-01    7.56877005e-01    4.09206391e-07    1.47178777e-04    6.48172781e-01   -7.94132902e-02    6.14240895e-55    0.00000000e+00    1.80000000e+00
1        1.00000000e-01    4.45775023e-01    5.90379164e-12    1.07926511e-09    3.66057304e-02    5.42514136e-01    5.88906631e-13    1.33932138e-10    3.87808942e-02    6.72964368e-12    7.33608895e-01    2.45447173e-07    9.64773032e-05    5.48168927e-01    7.56876987e-01    2.97203784e-07    1.19835370e-04    5.44642831e-01   -7.93677697e-02    0.00000000e+00    1.00000000e-01    1.80000000e+00
2        2.00000000e-01    4.45775023e-01    1.48765612e-10    2.65901288e-08    3.66431673e-02    5.42514136e-01    8.93118051e-12    2.02207975e-09    3.87846341e-02    7.64253489e-11    7.33608895e-01    1.89502813e-07    8.58187179e-05    4.84615257e-01    7.56876971e-01    2.15786366e-07    9.75471903e-05    4.55458871e-01   -7.93285212e-02    1.38330782e-55    2.00000000e-01    1.80000000e+00
3        3.00000000e-01    4.45775023e-01    3.14735450e-09    5.20413586e-07    3.74278714e-02    5.42514136e-01    1.31907232e-10    2.94019838e-08    3.88397622e-02    1.10502673e-09    7.33608895e-01    1.43530303e-07    7.52972717e-05    4.23523723e-01    7.56876961e-01    1.55075968e-07    7.90777725e-05    3.77724261e-01   -7.92950459e-02   -1.35473961e-55    3.00000000e-01    1.80000000e+00
4        4.00000000e-01    4.45775021e-01    3.81193924e-08    5.99712940e-06    4.65044196e-02    5.42514136e-01    1.76885505e-09    3.80160546e-07    3.95731490e-02    1.50098581e-08    7.33608895e-01    1.05958275e-07    6.49276462e-05    3.64740674e-01    7.56876959e-01    1.09137409e-07    6.35381173e-05    3.09210573e-01   -7.92670609e-02    1.68606457e-55    4.00000000e-01    1.80000000e+00
5        5.00000000e-01    4.45775014e-01    1.87537357e-07    3.34762684e-05    8.43765072e-02    5.42514135e-01    1.76165097e-08    3.92282900e-06    4.66322496e-02    1.69888287e-07    7.33608895e-01    7.55632455e-08    5.47161240e-05    3.08136670e-01    7.56876965e-01    7.41932729e-08    5.02324160e-05    2.48169408e-01   -7.92454768e-02   -9.99011515e-57    5.00000000e-01    1.80000000e+00
6        6.00000000e-01    4.45775002e-01    4.54265560e-07    8.26059303e-05    1.49703386e-01    5.42514131e-01    9.53714557e-08    2.68995284e-05    8.02319582e-02    1.43156750e-06    7.33608895e-01    5.13840661e-08    4.46445693e-05    2.53640244e-01    7.56876977e-01    4.77677482e-08    3.85328386e-05    1.93271219e-01   -7.92333506e-02   -5.70950956e-57    6.00000000e-01    1.80000000e+00
7        7.00000000e-01    4.45774995e-01    7.69342821e-07    1.33016196e-04    2.24467753e-01    5.42514122e-01    2.64280336e-07    7.91290739e-05    1.47869672e-01    6.62031610e-06    7.33608895e-01    3.26722354e-08    3.46587020e-05    2.01345160e-01    7.56876993e-01    2.82653060e-08    2.78273291e-05    1.43746492e-01   -7.92341472e-02    8.03261561e-56    7.00000000e-01    1.80000000e+00
8        8.00000000e-01    4.45774996e-01    1.10446075e-06    1.82139694e-04    3.02059045e-01    5.42514113e-01    4.83392198e-07    1.28595547e-04    2.26366952e-01    1.71053671e-05    7.33608895e-01    1.88595700e-08    2.47290046e-05    1.51800533e-01    7.56877009e-01    1.47166430e-08    1.77567611e-05    9.98541868e-02   -7.92488115e-02   -6.19794479e-56    8.00000000e-01    1.80000000e+00
9        9.00000000e-01    4.45775003e-01    1.45549236e-06    2.30770362e-04    3.81706427e-01    5.42514109e-01    7.26428205e-07    1.69478517e-04    3.03482703e-01    3.20503432e-05    7.33608895e-01    9.48687838e-09    1.51701861e-05    1.06619505e-01    7.56877021e-01    6.40981181e-09    8.95794003e-06    6.35238960e-02   -7.92761077e-02    1.10098948e-56    9.00000000e-01    1.80000000e+00
10       1.00000000e+00    4.45775010e-01    1.82371929e-06    2.78506647e-04    4.63586583e-01    5.42514111e-01    9.93710605e-07    2.07550923e-04    3.78509990e-01    5.09139222e-05    7.33608895e-01    3.98402466e-09    7.20424026e-06    6.91066321e-02    7.56877028e-01    2.27105806e-09    3.15716490e-06    3.78663068e-02   -7.93149197e-02   -7.50289457e-56    1.00000000e+00    1.80000000e+00
11       1.10000000e+00    4.45775016e-01    2.21275888e-06    3.24671444e-04    5.47953744e-01    5.42514116e-01    1.29203193e-06    2.44226281e-04    4.52443646e-01    7.35145680e-05    7.33608895e-01    1.36748874e-09    2.41792545e-06    4.32048065e-02    7.56877030e-01    6.68156668e-10    7.83184382e-07    2.39757635e-02   -7.93641451e-02    7.69651396e-56    1.10000000e+00    1.80000000e+00
12       1.20000000e+00    4.45775020e-01    2.62924711e-06    3.68711394e-04    6.35075376e-01    5.42514122e-01    1.62910712e-06    2.79114034e-04    5.25907637e-01    9.96979949e-05    7.33608895e-01    3.83696921e-10    6.00571097e-07    2.97395144e-02    7.56877031e-01    1.69055227e-10    1.69041744e-07    1.85525031e-02   -7.94226679e-02   -8.66470566e-56    1.20000000e+00    1.80000000e+00
13       1.30000000e+00    4.45775022e-01    3.08458070e-06    4.10257966e-04    7.25244324e-01    5.42514127e-01    2.01376351e-06    3.11709418e-04    5.99222250e-01    1.29259091e-04    7.33608895e-01    8.74807438e-11    1.29488964e-07    2.48114087e-02    7.56877031e-01    3.78721573e-11    3.63046814e-08    1.69795314e-02   -7.94896033e-02    1.17243954e-56    1.30000000e+00    1.80000000e+00
14       1.40000000e+00    4.45775023e-01    3.59801357e-06    4.49114527e-04    8.18785698e-01    5.42514131e-01    2.45701787e-06    3.41700331e-04    6.72585058e-01    1.61951511e-04    7.33608895e-01    1.65518739e-11    2.51985329e-08    2.35393077e-02    7.56877031e-01    7.80960191e-12    7.55839530e-09    1.66083099e-02   -7.95642526e-02    2.65204613e-57    1.40000000e+00    1.80000000e+00
15       1.50000000e+00    4.45775023e-01    4.20254130e-06    4.85227372e-04    9.16058737e-01    5.42514133e-01    2.97336247e-06    3.68936629e-04    7.46155488e-01    1.97506239e-04    7.33608895e-01    2.77128551e-12    4.36894797e-09    2.32873279e-02    7.56877031e-01    1.53795908e-12    1.50819515e-09    1.65303272e-02   -7.96459607e-02   -3.76459334e-55    1.50000000e+00    1.80000000e+00
16       1.60000000e+00    4.45775023e-01    4.95692664e-06    5.18643571e-04    1.01745728e+00    5.42514135e-01    3.58247431e-06    3.93372331e-04    8.20084351e-01    2.35644803e-04    7.33608895e-01    4.36264742e-13    7.01130016e-10    2.32444698e-02    7.56877031e-01    2.96131471e-13    2.92668934e-10    1.65148638e-02   -7.97340469e-02    2.96659671e-56    1.60000000e+00    1.80000000e+00
17       1.70000000e+00    4.45775023e-01    5.97226438e-06    5.49444133e-04    1.12341045e+00    5.42514136e-01    4.31176338e-06    4.15026674e-04    8.94522033e-01    2.76087625e-04    7.33608895e-01    6.68615857e-14    1.08369677e-10    2.32376853e-02    7.56877031e-01    5.64341060e-14    5.59867817e-11    1.65118782e-02   -7.98278213e-02   -8.20603112e-56    1.70000000e+00    1.80000000e+00
18       1.80000000e+00    4.45775023e-01    7.47620631e-06    5.77618407e-04    1.23438417e+00    5.42514136e-01    5.20041173e-06    4.33958307e-04    9.69619636e-01    3.18559214e-04    7.33608895e-01    1.01360879e-14    1.64854720e-11    2.32366434e-02    7.56877031e-01    1.07054114e-14    1.06390035e-11    1.65113086e-02   -7.99266416e-02    6.38131791e-56    1.80000000e+00    1.80000000e+00
End of Xyce(TM) Simulation
