Index       V(VI)       N(XM1:MSKY130_FD_PR__NFET_01V8_LVT:VTH) N(XM1:MSKY130_FD_PR__NFET_01V8_LVT:GDS) N(XM1:MSKY130_FD_PR__NFET_01V8_LVT:GM) N(XM1:MSKY130_FD_PR__NFET_01V8_LVT:VDSAT) N(XM2:MSKY130_FD_PR__NFET_01V8:VTH) N(XM2:MSKY130_FD_PR__NFET_01V8:GDS) N(XM2:MSKY130_FD_PR__NFET_01V8:GM) N(XM2:MSKY130_FD_PR__NFET_01V8:VDSAT) ID(XM2:MSKY130_FD_PR__NFET_01V8) N(XM4:MSKY130_FD_PR__PFET_01V8:VTH) N(XM4:MSKY130_FD_PR__PFET_01V8:GDS) N(XM4:MSKY130_FD_PR__PFET_01V8:GM) N(XM4:MSKY130_FD_PR__PFET_01V8:VDSAT) N(XM5:MSKY130_FD_PR__PFET_01V8_HVT:VTH) N(XM5:MSKY130_FD_PR__PFET_01V8_HVT:GDS) N(XM5:MSKY130_FD_PR__PFET_01V8_HVT:GM) N(XM5:MSKY130_FD_PR__PFET_01V8_HVT:VDSAT)      I(VDD)            I(VSIG)            V(VI)           V(SUPPLY)    
0        0.00000000e+00    4.86312447e-01    7.58457875e-14    8.44358400e-12    3.89344012e-02    6.04303052e-01    4.11199939e-15    7.11716883e-13    4.32698375e-02    1.83445330e-12    6.34434289e-01    3.95685326e-07    5.36867652e-05    9.22500807e-01    6.86653240e-01    3.49765514e-07    3.61712968e-05    6.94249572e-01   -7.92576342e-02    3.34535095e-55    0.00000000e+00    1.80000000e+00
1        1.00000000e-01    4.86312447e-01    1.62860269e-12    1.80812816e-10    3.89351115e-02    6.04303052e-01    7.55597564e-14    1.30664012e-11    4.32699078e-02    2.25934046e-12    6.34434289e-01    2.86614193e-07    4.68976120e-05    8.14590469e-01    6.86653240e-01    2.73261868e-07    3.23650660e-05    6.18281433e-01   -7.92430186e-02    0.00000000e+00    1.00000000e-01    1.80000000e+00
2        2.00000000e-01    4.86312447e-01    3.42789526e-11    3.75938087e-09    3.89500474e-02    6.04303052e-01    1.38029805e-12    2.37788528e-10    4.32711918e-02    1.00185535e-11    6.34434289e-01    2.08656564e-07    4.06427552e-05    7.14696673e-01    6.86653240e-01    2.10800701e-07    2.86947473e-05    5.46090057e-01   -7.92300599e-02    5.47996049e-56    2.00000000e-01    1.80000000e+00
3        3.00000000e-01    4.86312447e-01    6.61351611e-10    6.91647522e-08    3.92367132e-02    6.04303052e-01    2.45985727e-11    4.17308204e-09    4.32940410e-02    1.48148917e-10    6.34434289e-01    1.51324847e-07    3.48730290e-05    6.21887927e-01    6.86653240e-01    1.59709198e-07    2.51628540e-05    4.77282913e-01   -7.92187283e-02    4.65965471e-56    3.00000000e-01    1.80000000e+00
4        4.00000000e-01    4.86312447e-01    9.29926017e-09    8.79947936e-07    4.31656898e-02    6.04303052e-01    3.97497280e-10    6.40413640e-08    4.36608327e-02    2.38019648e-09    6.34434289e-01    1.08419193e-07    2.95457670e-05    5.35368303e-01    6.86653240e-01    1.17995820e-07    2.17700879e-05    4.11456736e-01   -7.92089937e-02   -3.05353445e-56    4.00000000e-01    1.80000000e+00
5        5.00000000e-01    4.86312446e-01    6.38127426e-08    6.03861627e-06    6.74281399e-02    6.04303052e-01    4.68804121e-09    6.99340905e-07    4.78569577e-02    2.98866026e-08    6.34434289e-01    7.60421695e-08    2.46234951e-05    4.54454951e-01    6.86653240e-01    8.41488977e-08    1.85051960e-05    3.48183380e-01   -7.92010145e-02    8.03059680e-57    5.00000000e-01    1.80000000e+00
6        6.00000000e-01    4.86312444e-01    1.95759094e-07    1.89130880e-05    1.23481379e-01    6.04303051e-01    2.94431665e-08    4.73935062e-06    7.12386866e-02    2.50543035e-07    6.34434289e-01    5.16205056e-08    2.00689239e-05    3.78573123e-01    6.86653240e-01    5.70281482e-08    1.53254053e-05    2.87035688e-01   -7.91955286e-02    7.82473913e-56    6.00000000e-01    1.80000000e+00
7        7.00000000e-01    4.86312442e-01    3.67234806e-07    3.32726135e-05    1.92097297e-01    6.04303049e-01    9.41218894e-08    1.63299422e-05    1.26524455e-01    1.24664272e-06    6.34434289e-01    3.33912785e-08    1.58377784e-05    3.07294384e-01    6.86653240e-01    3.58287127e-08    1.21338697e-05    2.27750034e-01   -7.91935188e-02    7.82914228e-56    7.00000000e-01    1.80000000e+00
8        8.00000000e-01    4.86312442e-01    5.47015399e-07    4.62187940e-05    2.59961034e-01    6.04303047e-01    1.92795567e-07    3.08328614e-05    1.98296799e-01    3.61010690e-06    6.34434289e-01    2.01185877e-08    1.18773705e-05    2.40482724e-01    6.86653240e-01    2.00772405e-08    8.80516276e-06    1.70733334e-01   -7.91954345e-02    8.27571045e-56    8.00000000e-01    1.80000000e+00
9        9.00000000e-01    4.86312442e-01    7.28296859e-07    5.81896945e-05    3.24819605e-01    6.04303045e-01    3.13190378e-07    4.38287036e-05    2.71163579e-01    7.35845872e-06    6.34434289e-01    1.09198397e-08    8.15983550e-06    1.78670989e-01    6.86653240e-01    9.51534172e-09    5.39121698e-06    1.18109892e-01   -7.92010950e-02   -6.03826769e-56    9.00000000e-01    1.80000000e+00
10       1.00000000e+00    4.86312444e-01    9.11018482e-07    6.92920138e-05    3.86960983e-01    6.04303045e-01    4.51465561e-07    5.52529363e-05    3.40992145e-01    1.23239822e-05    6.34434289e-01    5.10746069e-09    4.80041910e-06    1.23746009e-01    6.86653240e-01    3.63375320e-09    2.46524642e-06    7.46007460e-02   -7.92101384e-02   -3.48726533e-56    1.00000000e+00    1.80000000e+00
11       1.10000000e+00    4.86312445e-01    1.09640826e-06    7.94243879e-05    4.46935760e-01    6.04303046e-01    6.07903244e-07    6.53823874e-05    4.07533686e-01    1.83661227e-05    6.34434289e-01    1.97386038e-09    2.18919153e-06    7.94125558e-02    6.86653240e-01    1.12496328e-09    7.73772296e-07    4.54558426e-02   -7.92221344e-02    5.47132660e-56    1.10000000e+00    1.80000000e+00
12       1.20000000e+00    4.86312446e-01    1.28634593e-06    8.85311230e-05    5.05310536e-01    6.04303047e-01    7.83752539e-07    7.42488486e-05    4.71194572e-01    2.53581131e-05    6.34434289e-01    6.26659607e-10    7.15610119e-07    4.96048307e-02    6.86653240e-01    3.02820628e-10    1.84086451e-07    3.09779368e-02   -7.92365864e-02   -1.14795249e-55    1.20000000e+00    1.80000000e+00
13       1.30000000e+00    4.86312446e-01    1.48342234e-06    9.66384563e-05    5.62659767e-01    6.04303048e-01    9.80517986e-07    8.18417934e-05    5.32442536e-01    3.31730326e-05    6.34434289e-01    1.69721038e-10    1.78079667e-07    3.43849133e-02    6.86653240e-01    7.43954897e-11    4.13017214e-08    2.57384391e-02   -7.92530433e-02   -1.16377365e-56    1.30000000e+00    1.80000000e+00
14       1.40000000e+00    4.86312447e-01    1.69107558e-06    1.03831869e-04    6.19556352e-01    6.04303049e-01    1.19995684e-06    8.81846117e-05    5.91735437e-01    4.16843875e-05    6.34434289e-01    4.02245863e-11    4.00241874e-08    2.87743929e-02    6.86653240e-01    1.69053201e-11    9.27952582e-09    2.42687389e-02   -7.92711656e-02   -1.26265844e-56    1.40000000e+00    1.80000000e+00
15       1.50000000e+00    4.86312447e-01    1.91380720e-06    1.10230028e-04    6.76557389e-01    6.04303050e-01    1.44422646e-06    9.33383029e-05    6.49512640e-01    5.07699639e-05    6.34434289e-01    8.45320025e-12    8.53227346e-09    2.72404351e-02    6.86653240e-01    3.62791937e-12    2.01847202e-09    2.39184343e-02   -7.92906963e-02    1.02040108e-55    1.50000000e+00    1.80000000e+00
16       1.60000000e+00    4.86312447e-01    2.15754288e-06    1.15965171e-04    7.34193206e-01    6.04303051e-01    1.71607812e-06    9.73896593e-05    7.06189033e-01    6.03150316e-05    6.34434289e-01    1.63111443e-12    1.69006775e-09    2.69008904e-02    6.86653240e-01    7.53085918e-13    4.23874777e-10    2.38420120e-02   -7.93114140e-02    1.12946009e-56    1.60000000e+00    1.80000000e+00
17       1.70000000e+00    4.86312447e-01    2.43022107e-06    1.21169753e-04    7.92961740e-01    6.04303051e-01    2.01909467e-06    1.00439554e-04    7.62149359e-01    7.02143229e-05    6.34434289e-01    3.00258949e-13    3.16277635e-10    2.68342058e-02    6.86653240e-01    1.53710159e-13    8.70781557e-11    2.38260525e-02   -7.93331131e-02   -4.93910065e-57    1.70000000e+00    1.80000000e+00
18       1.80000000e+00    4.86312447e-01    2.74274228e-06    1.25967700e-04    8.53327521e-01    6.04303051e-01    2.35799182e-06    1.02593852e-04    8.17744399e-01    8.03729678e-05    6.34434289e-01    5.40457200e-14    5.73899362e-11    2.68218527e-02    6.86653240e-01    3.11231108e-14    1.76876717e-11    2.38227873e-02   -7.93556108e-02    5.04623101e-56    1.80000000e+00    1.80000000e+00
End of Xyce(TM) Simulation
