Index       V(VI)       N(XM1:MSKY130_FD_PR__NFET_01V8_LVT:VTH) N(XM1:MSKY130_FD_PR__NFET_01V8_LVT:GDS) N(XM1:MSKY130_FD_PR__NFET_01V8_LVT:GM) N(XM1:MSKY130_FD_PR__NFET_01V8_LVT:VDSAT) N(XM2:MSKY130_FD_PR__NFET_01V8:VTH) N(XM2:MSKY130_FD_PR__NFET_01V8:GDS) N(XM2:MSKY130_FD_PR__NFET_01V8:GM) N(XM2:MSKY130_FD_PR__NFET_01V8:VDSAT) ID(XM2:MSKY130_FD_PR__NFET_01V8) N(XM4:MSKY130_FD_PR__PFET_01V8:VTH) N(XM4:MSKY130_FD_PR__PFET_01V8:GDS) N(XM4:MSKY130_FD_PR__PFET_01V8:GM) N(XM4:MSKY130_FD_PR__PFET_01V8:VDSAT) N(XM5:MSKY130_FD_PR__PFET_01V8_HVT:VTH) N(XM5:MSKY130_FD_PR__PFET_01V8_HVT:GDS) N(XM5:MSKY130_FD_PR__PFET_01V8_HVT:GM) N(XM5:MSKY130_FD_PR__PFET_01V8_HVT:VDSAT)      I(VDD)            I(VSIG)            V(VI)           V(SUPPLY)    
0        0.00000000e+00    4.95287427e-01    8.57524682e-12    1.04377019e-09    3.95465213e-02    5.69294679e-01    7.45760886e-13    1.57192320e-10    4.01966602e-02    7.57393032e-12    6.81143493e-01    6.38879743e-05    4.81987700e-03    7.60326516e-01    7.73302907e-01    4.11195743e-05    4.00865916e-03    5.70065079e-01   -8.92677201e-02    2.32020226e-55    0.00000000e+00    1.80000000e+00
1        1.00000000e-01    4.95287427e-01    1.69171318e-10    2.05476380e-08    3.95471803e-02    5.69294679e-01    1.14149884e-11    2.40433568e-09    4.01967661e-02    9.00397236e-11    6.81143493e-01    4.94455448e-05    4.31145244e-03    6.74861601e-01    7.73302907e-01    3.12629053e-05    3.45513867e-03    4.91525683e-01   -8.75602778e-02    3.61105588e-56    1.00000000e-01    1.80000000e+00
2        2.00000000e-01    4.95287427e-01    3.28145993e-09    3.94531968e-07    3.95599546e-02    5.69294679e-01    1.73946953e-10    3.65329120e-08    4.01983795e-02    1.34639643e-09    6.81143493e-01    3.78575012e-05    3.81776458e-03    5.94407427e-01    7.73302907e-01    2.34185302e-05    2.96216995e-03    4.19964272e-01   -8.60271020e-02    1.61770710e-56    2.00000000e-01    1.80000000e+00
3        3.00000000e-01    4.95287426e-01    5.92653557e-08    6.85368463e-06    3.97896545e-02    5.69294679e-01    2.60554078e-09    5.41451022e-07    4.02225163e-02    2.01519789e-08    6.81143493e-01    2.85178351e-05    3.33896758e-03    5.18469301e-01    7.73302907e-01    1.71332043e-05    2.51942465e-03    3.54214064e-01   -8.46698566e-02   -5.87058505e-56    3.00000000e-01    1.80000000e+00
4        4.00000000e-01    4.95287414e-01    8.25084551e-07    8.80869802e-05    4.29148977e-02    5.69294678e-01    3.66131495e-08    7.37839500e-06    4.05597798e-02    2.84877206e-07    6.81143493e-01    2.09955609e-05    2.87549124e-03    4.46607622e-01    7.73302907e-01    1.20923080e-05    2.11560407e-03    2.93234674e-01   -8.34902407e-02    4.67558097e-56    4.00000000e-01    1.80000000e+00
5        5.00000000e-01    4.95287328e-01    6.09482203e-06    6.68517421e-04    6.37974168e-02    5.69294663e-01    4.17425796e-07    8.26975745e-05    4.42957320e-02    3.46229491e-06    6.81143493e-01    1.49745067e-05    2.42768710e-03    3.78430830e-01    7.73302907e-01    8.08062174e-06    1.73497413e-03    2.36151288e-01   -8.25107431e-02   -4.98735781e-56    5.00000000e-01    1.80000000e+00
6        6.00000000e-01    4.95287088e-01    2.03538364e-05    2.34004254e-03    1.16120262e-01    5.69294548e-01    2.91463935e-06    6.78115888e-04    6.71232510e-02    3.28951743e-05    6.81143493e-01    1.02172478e-05    1.99505134e-03    3.13606923e-01    7.73302907e-01    4.96588780e-06    1.35517066e-03    1.82477381e-01   -8.18351509e-02   -2.61424982e-57    6.00000000e-01    1.80000000e+00
7        7.00000000e-01    4.95286874e-01    4.01845034e-05    4.25949126e-03    1.80943801e-01    5.69294132e-01    1.05031664e-05    2.54831678e-03    1.23592341e-01    1.85877611e-04    6.81143493e-01    6.54404499e-06    1.57516751e-03    2.51932829e-01    7.73302907e-01    2.68753996e-06    9.56377116e-04    1.32667806e-01   -8.16313366e-02   -1.58730451e-56    7.00000000e-01    1.80000000e+00
8        8.00000000e-01    4.95286810e-01    6.16350458e-05    5.86401089e-03    2.42860969e-01    5.69293601e-01    2.28230964e-05    4.45486126e-03    1.91186617e-01    5.41766759e-04    6.81143493e-01    3.82074683e-06    1.16406925e-03    1.93559200e-01    7.73302907e-01    1.21407328e-06    5.56627889e-04    8.88992753e-02   -8.19589475e-02   -3.59777697e-56    8.00000000e-01    1.80000000e+00
9        9.00000000e-01    4.95286855e-01    8.37178775e-05    7.22363787e-03    2.99519643e-01    5.69293245e-01    3.78715121e-05    5.75242942e-03    2.52372727e-01    1.05582287e-03    6.81143493e-01    1.94605766e-06    7.64070444e-04    1.39537306e-01    7.73302907e-01    4.41763685e-07    2.39469503e-04    5.49665325e-02   -8.27314345e-02   -1.36743760e-56    9.00000000e-01    1.80000000e+00
10       1.00000000e+00    4.95286951e-01    1.06387591e-04    8.38339084e-03    3.51731488e-01    5.69293084e-01    5.49818583e-05    6.76389463e-03    3.06251734e-01    1.68316510e-03    6.81143493e-01    8.18236471e-07    4.05850110e-04    9.26680266e-02    7.73302907e-01    1.33779843e-07    7.31382814e-05    3.36161360e-02   -8.38591416e-02    3.02976833e-56    1.00000000e+00    1.80000000e+00
11       1.10000000e+00    4.95287059e-01    1.29742358e-04    9.35194315e-03    4.00540202e-01    5.69293068e-01    7.41313575e-05    7.62372432e-03    3.54810892e-01    2.40368363e-03    6.81143493e-01    2.73602139e-07    1.55483475e-04    5.74657322e-02    7.73302907e-01    3.68527807e-08    1.80369153e-05    2.33135883e-02   -8.52733838e-02   -5.88576674e-56    1.10000000e+00    1.80000000e+00
12       1.20000000e+00    4.95287159e-01    1.53917176e-04    1.01421932e-02    4.46898188e-01    5.69293147e-01    9.53419702e-05    8.34924073e-03    3.99476335e-01    3.20342567e-03    6.81143493e-01    7.47182828e-08    4.18084217e-05    3.69036977e-02    7.73302907e-01    9.67810930e-09    4.35602010e-06    1.94891808e-02   -8.69146476e-02   -2.62623107e-56    1.20000000e+00    1.80000000e+00
13       1.30000000e+00    4.95287242e-01    1.79090089e-04    1.07756656e-02    4.91660601e-01    5.69293286e-01    1.18592072e-04    8.94535556e-03    4.41181456e-01    4.06917376e-03    6.81143493e-01    1.76491190e-08    9.26211200e-06    2.83316466e-02    7.73302907e-01    2.42160847e-09    1.07363678e-06    1.83344456e-02   -8.87342023e-02    1.21221615e-56    1.30000000e+00    1.80000000e+00
14       1.40000000e+00    4.95287307e-01    2.05495168e-04    1.12777366e-02    5.35586469e-01    5.69293457e-01    1.43844409e-04    9.42310743e-03    4.80612954e-01    4.98849612e-03    6.81143493e-01    3.68169182e-09    1.93225261e-06    2.57973972e-02    7.73302907e-01    5.80513303e-10    2.60056331e-07    1.80297459e-02   -9.06956925e-02   -1.14150714e-56    1.40000000e+00    1.80000000e+00
15       1.50000000e+00    4.95287353e-01    2.33435365e-04    1.16736108e-02    5.79338989e-01    5.69293639e-01    1.71074070e-04    9.79725053e-03    5.18321778e-01    5.95028286e-03    6.81143493e-01    6.94976680e-10    3.75134838e-07    2.52220240e-02    7.73302907e-01    1.35286693e-10    6.12649128e-08    1.79552863e-02   -9.27701623e-02   -1.85407435e-56    1.50000000e+00    1.80000000e+00
16       1.60000000e+00    4.95287385e-01    2.63298732e-04    1.19861882e-02    6.23490739e-01    5.69293819e-01    2.00284385e-04    1.00829507e-02    5.54766017e-01    6.94493935e-03    6.81143493e-01    1.23545149e-10    6.80588139e-08    2.51104192e-02    7.73302907e-01    3.10359597e-11    1.41492114e-08    1.79378068e-02   -9.49313741e-02    7.11237678e-56    1.60000000e+00    1.80000000e+00
17       1.70000000e+00    4.95287405e-01    2.95581276e-04    1.22352295e-02    6.68533295e-01    5.69293987e-01    2.31515377e-04    1.02941470e-02    5.90330404e-01    7.96433340e-03    6.81143493e-01    2.13257664e-11    1.18688560e-08    2.50904019e-02    7.73302907e-01    7.06272190e-12    3.23135859e-09    1.79337849e-02   -9.71556943e-02   -4.34182839e-56    1.70000000e+00    1.80000000e+00
18       1.80000000e+00    4.95287416e-01    3.30919995e-04    1.24372230e-02    7.14888980e-01    5.69294138e-01    2.64848903e-04    1.04430086e-02    6.25338462e-01    9.00163947e-03    6.81143493e-01    3.63344988e-12    2.03141945e-09    2.50869357e-02    7.73302907e-01    1.60085879e-12    7.33733987e-10    1.79328684e-02   -9.94247530e-02   -3.45632443e-56    1.80000000e+00    1.80000000e+00
End of Xyce(TM) Simulation
