Index       V(VI)       N(XM1:MSKY130_FD_PR__NFET_01V8_LVT:VTH) N(XM1:MSKY130_FD_PR__NFET_01V8_LVT:GDS) N(XM1:MSKY130_FD_PR__NFET_01V8_LVT:GM) N(XM1:MSKY130_FD_PR__NFET_01V8_LVT:VDSAT) N(XM2:MSKY130_FD_PR__NFET_01V8:VTH) N(XM2:MSKY130_FD_PR__NFET_01V8:GDS) N(XM2:MSKY130_FD_PR__NFET_01V8:GM) N(XM2:MSKY130_FD_PR__NFET_01V8:VDSAT) ID(XM2:MSKY130_FD_PR__NFET_01V8) N(XM4:MSKY130_FD_PR__PFET_01V8:VTH) N(XM4:MSKY130_FD_PR__PFET_01V8:GDS) N(XM4:MSKY130_FD_PR__PFET_01V8:GM) N(XM4:MSKY130_FD_PR__PFET_01V8:VDSAT) N(XM5:MSKY130_FD_PR__PFET_01V8_HVT:VTH) N(XM5:MSKY130_FD_PR__PFET_01V8_HVT:GDS) N(XM5:MSKY130_FD_PR__PFET_01V8_HVT:GM) N(XM5:MSKY130_FD_PR__PFET_01V8_HVT:VDSAT)      I(VDD)            I(VSIG)            V(VI)           V(SUPPLY)    
0        0.00000000e+00    5.54303102e-01    4.69318699e-14    5.53149642e-12    4.35991000e-02    6.30063960e-01    2.42937002e-14    1.97375093e-12    4.05485321e-02    1.88583325e-12    5.19330037e-01    3.04131213e-06    9.00868494e-05    9.68405545e-01    5.71246791e-01    2.18644003e-06    1.09888567e-04    1.06143432e+00   -7.93276388e-02    2.64063643e-55    0.00000000e+00    1.80000000e+00
1        1.00000000e-01    5.54303102e-01    7.83488870e-13    9.24186083e-11    4.35993455e-02    6.30063960e-01    3.25674638e-13    2.66497649e-11    4.05486205e-02    2.83469736e-12    5.19330037e-01    2.36980488e-06    8.03010205e-05    8.61997108e-01    5.71246791e-01    1.58720482e-06    9.41732745e-05    9.18424414e-01   -7.93025859e-02    0.00000000e+00    1.00000000e-01    1.80000000e+00
2        2.00000000e-01    5.54303102e-01    1.29725817e-11    1.52537114e-09    4.36034162e-02    6.30063960e-01    4.34297006e-12    3.57630462e-10    4.05498108e-02    1.55996413e-11    5.19330037e-01    1.84834496e-06    7.08815349e-05    7.63569358e-01    5.71246791e-01    1.17394439e-06    8.01305111e-05    7.91663691e-01   -7.92801418e-02    8.35238972e-53    2.00000000e-01    1.80000000e+00
3        3.00000000e-01    5.54303102e-01    2.07873286e-10    2.40127128e-08    4.36686252e-02    6.30063960e-01    5.68428875e-11    4.69573377e-09    4.05655711e-02    1.84680457e-10    5.19330037e-01    1.43574471e-06    6.18700296e-05    6.72135027e-01    5.71246791e-01    8.73168297e-07    6.75887686e-05    6.78094883e-01   -7.92602506e-02   -1.86151330e-56    3.00000000e-01    1.80000000e+00
4        4.00000000e-01    5.54303102e-01    2.94996235e-09    3.22887512e-07    4.45851219e-02    6.30063960e-01    6.98945175e-10    5.73937804e-08    4.07628660e-02    2.31051806e-09    5.19330037e-01    1.10554309e-06    5.32994870e-05    5.86872409e-01    5.71246791e-01    6.46873558e-07    5.63683339e-05    5.75255121e-01   -7.92428523e-02    9.88563005e-57    4.00000000e-01    1.80000000e+00
5        5.00000000e-01    5.54303101e-01    2.91933306e-08    3.08125781e-06    5.31716205e-02    6.30063960e-01    7.24671850e-09    5.86130535e-07    4.28214909e-02    2.55107748e-08    5.19330037e-01    8.39833941e-07    4.52003321e-05    5.07096378e-01    5.71246791e-01    4.73100990e-07    4.62792108e-05    4.81127066e-01   -7.92279791e-02   -8.64848511e-57    5.00000000e-01    1.80000000e+00
6        6.00000000e-01    5.54303098e-01    1.49358567e-07    1.71230738e-05    8.89512286e-02    6.30063960e-01    5.45289386e-08    4.55329096e-06    5.63109519e-02    2.24206367e-07    5.19330037e-01    6.25933869e-07    3.75986769e-05    4.32239790e-01    5.71246791e-01    3.38001439e-07    3.70931339e-05    3.94104136e-01   -7.92163047e-02    2.62816031e-56    6.00000000e-01    1.80000000e+00
7        7.00000000e-01    5.54303095e-01    4.02313222e-07    4.40637673e-05    1.50532273e-01    6.30063956e-01    2.41457730e-07    2.08743879e-05    9.76195394e-02    1.36341507e-06    5.19330037e-01    4.54495937e-07    3.05103194e-05    3.61852869e-01    5.71246791e-01    2.32304287e-07    2.85418901e-05    3.13132873e-01   -7.92098895e-02    1.78618512e-56    7.00000000e-01    1.80000000e+00
8        8.00000000e-01    5.54303093e-01    7.38814530e-07    6.88635504e-05    2.13765132e-01    6.30063951e-01    5.83116941e-07    4.67871758e-05    1.59483612e-01    4.73596319e-06    5.19330037e-01    3.18418407e-07    2.39346784e-05    2.95641375e-01    5.71246791e-01    1.49870724e-07    2.04253020e-05    2.38120206e-01   -7.92104318e-02    1.86553705e-56    8.00000000e-01    1.80000000e+00
9        9.00000000e-01    5.54303093e-01    1.12020654e-06    8.83149993e-05    2.69553744e-01    6.30063946e-01    9.90541859e-07    6.95032099e-05    2.22830073e-01    1.05966587e-05    5.19330037e-01    2.12228486e-07    1.78600679e-05    2.33588822e-01    5.71246791e-01    8.73883927e-08    1.28992445e-05    1.70559859e-01   -7.92175802e-02    2.06866173e-56    9.00000000e-01    1.80000000e+00
10       1.00000000e+00    5.54303095e-01    1.53490965e-06    1.04044087e-04    3.18272844e-01    6.30063944e-01    1.43922454e-06    8.75799324e-05    2.80966298e-01    1.84818828e-05    5.19330037e-01    1.31760359e-07    1.23083029e-05    1.76234539e-01    5.71246791e-01    4.39185508e-08    6.71225928e-06    1.13795098e-01   -7.92302348e-02    2.28517456e-56    1.00000000e+00    1.80000000e+00
11       1.10000000e+00    5.54303096e-01    1.97902853e-06    1.16720429e-04    3.61621290e-01    6.30063943e-01    1.93249449e-06    1.02608433e-04    3.33765652e-01    2.80128766e-05    5.19330037e-01    7.39228022e-08    7.44912192e-06    1.25123780e-01    5.71246791e-01    1.83994621e-08    2.72119588e-06    7.16800840e-02   -7.92473963e-02    3.00344004e-56    1.10000000e+00    1.80000000e+00
12       1.20000000e+00    5.54303097e-01    2.44977380e-06    1.26620677e-04    4.01078988e-01    6.30063944e-01    2.47143855e-06    1.15234223e-04    3.82166728e-01    3.89238066e-05    5.19330037e-01    3.61183297e-08    3.69212520e-06    8.30617260e-02    5.71246791e-01    6.54381529e-09    8.69150805e-07    4.54981355e-02   -7.92681443e-02   -3.56162317e-56    1.20000000e+00    1.80000000e+00
13       1.30000000e+00    5.54303098e-01    2.94487126e-06    1.34044798e-04    4.37838884e-01    6.30063946e-01    3.05464691e-06    1.25667077e-04    4.27027701e-01    5.09862283e-05    5.19330037e-01    1.49126429e-08    1.41744479e-06    5.31001178e-02    5.71246791e-01    2.11617460e-09    2.44495330e-07    3.22350701e-02   -7.92916416e-02    9.53620817e-57    1.30000000e+00    1.80000000e+00
14       1.40000000e+00    5.54303099e-01    3.46288973e-06    1.39341234e-04    4.72862399e-01    6.30063948e-01    3.68017665e-06    1.34076248e-04    4.69056437e-01    6.39891470e-05    5.19330037e-01    5.16099616e-09    4.32634235e-07    3.59050958e-02    5.71246791e-01    6.57039148e-10    6.89679896e-08    2.67132655e-02   -7.93171924e-02   -3.19576055e-56    1.40000000e+00    1.80000000e+00
15       1.50000000e+00    5.54303100e-01    4.00344741e-06    1.42859208e-04    5.06920175e-01    6.30063950e-01    4.34636387e-06    1.40663946e-04    5.08851874e-01    7.77401005e-05    5.19330037e-01    1.51015994e-09    1.16840288e-07    2.83577587e-02    5.71246791e-01    1.97736864e-10    2.00667173e-08    2.47511499e-02   -7.93442681e-02    2.13186986e-56    1.50000000e+00    1.80000000e+00
16       1.60000000e+00    5.54303100e-01    4.56725922e-06    1.44916535e-04    5.40623541e-01    6.30063952e-01    5.05212025e-06    1.45649769e-04    5.46929342e-01    9.20679036e-05    5.19330037e-01    3.80832124e-10    2.93937032e-08    2.58393699e-02    5.71246791e-01    5.75862809e-11    5.82881100e-09    2.41269640e-02   -7.93724732e-02    1.87898018e-56    1.60000000e+00    1.80000000e+00
17       1.70000000e+00    5.54303101e-01    5.15611095e-06    1.45787291e-04    5.74452040e-01    6.30063954e-01    5.79707252e-06    1.49249443e-04    5.83733013e-01    1.06823269e-04    5.19330037e-01    8.58490709e-11    6.79348937e-09    2.51682768e-02    5.71246791e-01    1.63239975e-11    1.66062871e-09    2.39416736e-02   -7.94014757e-02   -3.73896617e-57    1.70000000e+00    1.80000000e+00
18       1.80000000e+00    5.54303101e-01    5.77282234e-06    1.45700758e-04    6.08777770e-01    6.30063955e-01    6.58165088e-06    1.51662383e-04    6.19643974e-01    1.21877726e-04    5.19330037e-01    1.80625054e-11    1.45835630e-09    2.50140388e-02    5.71246791e-01    4.54477971e-12    4.64520655e-10    2.38888327e-02   -7.94309701e-02   -7.10165030e-57    1.80000000e+00    1.80000000e+00
End of Xyce(TM) Simulation
