Index       V(VI)       N(XM1:MSKY130_FD_PR__NFET_01V8_LVT:VTH) N(XM1:MSKY130_FD_PR__NFET_01V8_LVT:GDS) N(XM1:MSKY130_FD_PR__NFET_01V8_LVT:GM) N(XM1:MSKY130_FD_PR__NFET_01V8_LVT:VDSAT) N(XM2:MSKY130_FD_PR__NFET_01V8:VTH) N(XM2:MSKY130_FD_PR__NFET_01V8:GDS) N(XM2:MSKY130_FD_PR__NFET_01V8:GM) N(XM2:MSKY130_FD_PR__NFET_01V8:VDSAT) ID(XM2:MSKY130_FD_PR__NFET_01V8) N(XM4:MSKY130_FD_PR__PFET_01V8:VTH) N(XM4:MSKY130_FD_PR__PFET_01V8:GDS) N(XM4:MSKY130_FD_PR__PFET_01V8:GM) N(XM4:MSKY130_FD_PR__PFET_01V8:VDSAT) N(XM5:MSKY130_FD_PR__PFET_01V8_HVT:VTH) N(XM5:MSKY130_FD_PR__PFET_01V8_HVT:GDS) N(XM5:MSKY130_FD_PR__PFET_01V8_HVT:GM) N(XM5:MSKY130_FD_PR__PFET_01V8_HVT:VDSAT)      I(VDD)            I(VSIG)            V(VI)           V(SUPPLY)    
0        0.00000000e+00    4.67045316e-01    5.38163992e-14    6.74149525e-12    3.82761189e-02    5.58453471e-01    2.40574857e-14    2.34768555e-12    3.99159249e-02    1.90131749e-12    6.02965921e-01    1.56529759e-07    1.97009776e-05    7.41402234e-01    6.47593404e-01    1.12059010e-07    1.78194882e-05    6.67303198e-01   -7.92082562e-02    4.55458910e-55    0.00000000e+00    1.80000000e+00
1        1.00000000e-01    4.67045316e-01    1.27403482e-12    1.58773703e-10    3.82776653e-02    5.58453471e-01    3.14658307e-13    3.06656551e-11    3.99162767e-02    3.00438664e-12    6.02965921e-01    1.22190611e-07    1.74517819e-05    6.67123878e-01    6.47593404e-01    8.61714103e-08    1.57814773e-05    5.96642851e-01   -7.92024281e-02    0.00000000e+00    1.00000000e-01    1.80000000e+00
2        2.00000000e-01    4.67045316e-01    2.89930819e-11    3.52875343e-09    3.83127909e-02    5.58453471e-01    4.08700402e-12    3.96445016e-10    3.99208444e-02    1.73244599e-11    6.02965921e-01    9.46227319e-08    1.53164160e-05    5.96021522e-01    6.47593404e-01    6.52609803e-08    1.38725907e-05    5.28434433e-01   -7.91971937e-02    4.17619486e-52    2.00000000e-01    1.80000000e+00
3        3.00000000e-01    4.67045316e-01    5.57420753e-10    6.23495401e-08    3.89815499e-02    5.58453471e-01    5.17897757e-11    4.94614011e-09    3.99785998e-02    1.98554435e-10    6.02965921e-01    7.24126265e-08    1.32960167e-05    5.27874658e-01    6.47593404e-01    4.83231525e-08    1.20864952e-05    4.62118616e-01   -7.91925657e-02    8.73360364e-56    3.00000000e-01    1.80000000e+00
4        4.00000000e-01    4.67045316e-01    6.43305385e-09    6.42043127e-07    4.63561032e-02    5.58453471e-01    6.03632556e-10    5.53563890e-08    4.06461495e-02    2.31487633e-09    6.02965921e-01    5.45180276e-08    1.13912437e-05    4.62481116e-01    6.47593404e-01    3.46197691e-08    1.03963304e-05    3.97068515e-01   -7.91885627e-02    4.88048579e-56    4.00000000e-01    1.80000000e+00
5        5.00000000e-01    4.67045316e-01    3.29815350e-08    3.45809045e-06    7.87656992e-02    5.58453470e-01    5.51077007e-09    4.89735954e-07    4.65353727e-02    2.27122819e-08    6.02965921e-01    4.01508802e-08    9.60158342e-06    3.99655069e-01    6.47593404e-01    2.36276243e-08    8.74115270e-06    3.32688017e-01   -7.91853116e-02    6.42186887e-57    5.00000000e-01    1.80000000e+00
6        6.00000000e-01    4.67045315e-01    8.56282235e-08    9.18576924e-06    1.39918546e-01    5.58453470e-01    3.03967241e-08    2.97697953e-06    7.51885488e-02    1.66512097e-07    6.02965921e-01    2.87033687e-08    7.92395672e-06    3.39233359e-01    6.47593404e-01    1.50165384e-08    7.02474011e-06    2.68732195e-01   -7.91831879e-02    1.57717526e-55    6.00000000e-01    1.80000000e+00
7        7.00000000e-01    4.67045315e-01    1.51922254e-07    1.55049426e-05    2.12553472e-01    5.58453469e-01    9.16652297e-08    9.12961228e-06    1.38509863e-01    7.50979444e-07    6.02965921e-01    1.97013726e-08    6.35067109e-06    2.81107902e-01    6.47593404e-01    8.61766017e-09    5.16929323e-06    2.06000981e-01   -7.91826681e-02    1.46620927e-55    7.00000000e-01    1.80000000e+00
8        8.00000000e-01    4.67045315e-01    2.24226391e-07    2.16734750e-05    2.87390187e-01    5.58453468e-01    1.80606697e-07    1.55265616e-05    2.16884917e-01    1.99539364e-06    6.02965921e-01    1.27762095e-08    4.86855174e-06    2.25329215e-01    6.47593404e-01    4.31546836e-09    3.25898989e-06    1.47271266e-01   -7.91839578e-02    5.54833134e-57    8.00000000e-01    1.80000000e+00
9        9.00000000e-01    4.67045316e-01    3.01021365e-07    2.77635075e-05    3.62614202e-01    5.58453467e-01    2.85007393e-07    2.06685091e-05    2.94686317e-01    3.81268225e-06    6.02965921e-01    7.64599712e-09    3.46695735e-06    1.72373314e-01    6.47593404e-01    1.84625145e-09    1.63217159e-06    9.74192476e-02   -7.91869164e-02    2.56748301e-58    9.00000000e-01    1.80000000e+00
10       1.00000000e+00    4.67045316e-01    3.82642514e-07    3.37634529e-05    4.38178592e-01    5.58453467e-01    4.02520972e-07    2.52651760e-05    3.69522669e-01    6.11176348e-06    6.02965921e-01    4.08983691e-09    2.17125706e-06    1.23673973e-01    6.47593404e-01    6.85860439e-10    6.21822591e-07    6.11665355e-02   -7.91913661e-02   -7.74201317e-56    1.00000000e+00    1.80000000e+00
11       1.10000000e+00    4.67045316e-01    4.70123301e-07    3.96140830e-05    5.14333412e-01    5.58453468e-01    5.34751779e-07    2.96299737e-05    4.42238729e-01    8.85820454e-06    6.02965921e-01    1.88748603e-09    1.09691720e-06    8.22029275e-02    6.47593404e-01    2.33573891e-10    1.87956005e-07    3.94836366e-02   -7.91971607e-02    1.19083277e-55    1.10000000e+00    1.80000000e+00
12       1.20000000e+00    4.67045316e-01    5.65155848e-07    4.52671888e-05    5.91409929e-01    5.58453469e-01    6.83819623e-07    3.37523057e-05    5.13568763e-01    1.20295253e-05    6.02965921e-01    7.33327010e-10    4.09345144e-07    5.18630508e-02    6.47593404e-01    7.63395060e-11    5.15945284e-08    2.89168332e-02   -7.92041675e-02   -4.28461084e-56    1.20000000e+00    1.80000000e+00
13       1.30000000e+00    4.67045316e-01    6.70329009e-07    5.06988090e-05    6.69795202e-01    5.58453469e-01    8.51808794e-07    3.75638655e-05    5.83906765e-01    1.55980797e-05    6.02965921e-01    2.38182588e-10    1.13560633e-07    3.44291537e-02    6.47593404e-01    2.41111595e-11    1.45488507e-08    2.46295277e-02   -7.92122643e-02   -5.09622841e-56    1.30000000e+00    1.80000000e+00
14       1.40000000e+00    4.67045316e-01    7.89559787e-07    5.59076676e-05    7.49924002e-01    5.58453470e-01    1.04090810e-06    4.10126391e-05    6.53477176e-01    1.95300045e-05    6.02965921e-01    6.47318765e-11    2.71326309e-08    2.70533084e-02    6.47593404e-01    7.31859901e-12    4.26284451e-09    2.31220353e-02   -7.92213488e-02    1.03004424e-55    1.40000000e+00    1.80000000e+00
15       1.50000000e+00    4.67045316e-01    9.28842898e-07    6.09100365e-05    8.32270778e-01    5.58453470e-01    1.25361641e-06    4.40687503e-05    7.22441806e-01    2.37873696e-05    6.02965921e-01    1.50130127e-11    6.15490833e-09    2.47551469e-02    6.47593404e-01    2.14364863e-12    1.24951682e-09    2.26421217e-02   -7.92313387e-02   -7.53131541e-56    1.50000000e+00    1.80000000e+00
16       1.60000000e+00    4.67045316e-01    1.09760561e-06    6.57333340e-05    9.17342547e-01    5.58453470e-01    1.49293721e-06    4.67184285e-05    7.90943224e-01    2.83301083e-05    6.02965921e-01    3.11403509e-12    1.30469536e-09    2.41906793e-02    6.47593404e-01    6.12198450e-13    3.59864196e-10    2.24986126e-02   -7.92421583e-02    3.77081626e-56    1.60000000e+00    1.80000000e+00
17       1.70000000e+00    4.67045316e-01    1.31127729e-06    7.04082649e-05    1.00567388e+00    5.58453470e-01    1.76258782e-06    4.89587700e-05    8.59118907e-01    3.31173522e-05    6.02965921e-01    6.06464181e-13    2.59156942e-10    2.40709738e-02    6.47593404e-01    1.72125457e-13    1.01897998e-10    2.24572460e-02   -7.92537308e-02    1.10967134e-56    1.70000000e+00    1.80000000e+00
18       1.80000000e+00    4.67045316e-01    1.59644907e-06    7.49577293e-05    1.09782437e+00    5.58453471e-01    2.06725836e-06    5.07943215e-05    9.27104451e-01    3.81083380e-05    6.02965921e-01    1.14514314e-13    4.94708773e-11    2.40474583e-02    6.47593404e-01    4.79638217e-14    2.85229452e-11    2.24455645e-02   -7.92659838e-02   -7.17686253e-56    1.80000000e+00    1.80000000e+00
End of Xyce(TM) Simulation
