Index       V(VI)       N(XM1:MSKY130_FD_PR__NFET_01V8_LVT:VTH) N(XM1:MSKY130_FD_PR__NFET_01V8_LVT:GDS) N(XM1:MSKY130_FD_PR__NFET_01V8_LVT:GM) N(XM1:MSKY130_FD_PR__NFET_01V8_LVT:VDSAT) N(XM2:MSKY130_FD_PR__NFET_01V8:VTH) N(XM2:MSKY130_FD_PR__NFET_01V8:GDS) N(XM2:MSKY130_FD_PR__NFET_01V8:GM) N(XM2:MSKY130_FD_PR__NFET_01V8:VDSAT) ID(XM2:MSKY130_FD_PR__NFET_01V8) N(XM4:MSKY130_FD_PR__PFET_01V8:VTH) N(XM4:MSKY130_FD_PR__PFET_01V8:GDS) N(XM4:MSKY130_FD_PR__PFET_01V8:GM) N(XM4:MSKY130_FD_PR__PFET_01V8:VDSAT) N(XM5:MSKY130_FD_PR__PFET_01V8_HVT:VTH) N(XM5:MSKY130_FD_PR__PFET_01V8_HVT:GDS) N(XM5:MSKY130_FD_PR__PFET_01V8_HVT:GM) N(XM5:MSKY130_FD_PR__PFET_01V8_HVT:VDSAT)      I(VDD)            I(VSIG)            V(VI)           V(SUPPLY)    
0        0.00000000e+00    4.50416685e-01    4.35781730e-14    5.48959123e-12    3.78753383e-02    5.42277871e-01    1.02699144e-14    1.22825990e-12    3.90079482e-02    1.85695180e-12    5.88774404e-01    3.52705453e-08    8.33294434e-06    6.43601536e-01    6.84195179e-01    2.26802303e-08    7.34981843e-06    5.93268700e-01   -7.91894795e-02    7.76423782e-55    0.00000000e+00    1.80000000e+00
1        1.00000000e-01    4.50416685e-01    1.02844860e-12    1.28688099e-10    3.78779479e-02    5.42277871e-01    1.40489811e-13    1.67764943e-11    3.90083915e-02    2.45229299e-12    5.88774404e-01    2.81352238e-08    7.41779077e-06    5.83895258e-01    6.84195179e-01    1.81215072e-08    6.64216224e-06    5.36079001e-01   -7.91869348e-02    0.00000000e+00    1.00000000e-01    1.80000000e+00
2        2.00000000e-01    4.50416685e-01    2.30684183e-11    2.80115005e-09    3.79363350e-02    5.42277871e-01    1.90594229e-12    2.26345919e-10    3.90144016e-02    1.05244151e-11    5.88774404e-01    2.22276260e-08    6.54411251e-06    5.25899133e-01    6.84195179e-01    1.42805421e-08    5.94285919e-06    4.80048010e-01   -7.91846312e-02    3.34095589e-52    2.00000000e-01    1.80000000e+00
3        3.00000000e-01    4.50416685e-01    4.19686122e-10    4.62036535e-08    3.89852304e-02    5.42277871e-01    2.50896057e-11    2.92579723e-09    3.90933217e-02    1.16664799e-10    5.88774404e-01    1.73404357e-08    5.71321685e-06    4.69527777e-01    6.84195179e-01    1.10516038e-08    5.25621165e-06    4.25018481e-01   -7.91825816e-02    1.23332479e-56    3.00000000e-01    1.80000000e+00
4        4.00000000e-01    4.50416685e-01    4.28384608e-09    4.29695082e-07    4.91083882e-02    5.42277871e-01    2.97895305e-10    3.32810335e-08    4.00214781e-02    1.38494404e-09    5.88774404e-01    1.33088839e-08    4.92609204e-06    4.14693391e-01    6.84195179e-01    8.34818247e-09    4.58466382e-06    3.70777809e-01   -7.91808044e-02    5.50466301e-56    4.00000000e-01    1.80000000e+00
5        5.00000000e-01    4.50416685e-01    1.93574352e-08    2.08364979e-06    8.75708824e-02    5.42277871e-01    2.62626432e-09    2.94076643e-07    4.79052742e-02    1.36448359e-08    5.88774404e-01    1.00000710e-08    4.18306660e-06    3.61302444e-01    6.84195179e-01    6.09975855e-09    3.92553399e-06    3.17052700e-01   -7.91793813e-02    2.68090993e-56    5.00000000e-01    1.80000000e+00
6        6.00000000e-01    4.50416684e-01    4.67244127e-08    5.10666961e-06    1.54681388e-01    5.42277871e-01    1.29876365e-08    1.70095650e-06    8.21897472e-02    9.80094407e-08    5.88774404e-01    7.30574136e-09    3.48307156e-06    3.09257476e-01    6.84195179e-01    4.25151427e-09    3.26583668e-06    2.63563373e-01   -7.91785132e-02   -3.56671878e-57    6.00000000e-01    1.80000000e+00
7        7.00000000e-01    4.50416684e-01    8.05164801e-08    8.44760484e-06    2.34321132e-01    5.42277870e-01    3.44488058e-08    4.67265383e-06    1.49353791e-01    4.10603337e-07    5.88774404e-01    5.13778188e-09    2.82239208e-06    2.58480145e-01    6.84195179e-01    2.76696100e-09    2.57910855e-06    2.10257745e-01   -7.91784265e-02    3.55756502e-56    7.00000000e-01    1.80000000e+00
8        8.00000000e-01    4.50416685e-01    1.17815878e-07    1.18988680e-05    3.19296988e-01    5.42277870e-01    6.16765593e-08    7.52081754e-06    2.27942816e-01    1.02550389e-06    5.88774404e-01    3.42608569e-09    2.19357824e-06    2.08999751e-01    6.84195179e-01    1.63040558e-09    1.84104495e-06    1.57939516e-01   -7.91792010e-02   -8.46161254e-57    8.00000000e-01    1.80000000e+00
9        9.00000000e-01    4.50416685e-01    1.58187880e-07    1.55178121e-05    4.08511668e-01    5.42277870e-01    9.11410776e-08    9.89417611e-06    3.05765494e-01    1.89865968e-06    5.88774404e-01    2.11796698e-09    1.58815552e-06    1.61205698e-01    6.84195179e-01    8.38069985e-10    1.08992620e-06    1.09343638e-01   -7.91807971e-02    1.10197787e-55    9.00000000e-01    1.80000000e+00
10       1.00000000e+00    4.50416685e-01    2.01981745e-07    1.93114007e-05    5.02236655e-01    5.42277870e-01    1.22568300e-07    1.21062534e-05    3.81618646e-01    2.99930356e-06    5.88774404e-01    1.17570914e-09    1.01237678e-06    1.16397155e-01    6.84195179e-01    3.65197877e-10    4.80489518e-07    6.95610978e-02   -7.91831829e-02   -4.09078437e-55    1.00000000e+00    1.80000000e+00
11       1.10000000e+00    4.50416685e-01    2.50019868e-07    2.32655575e-05    6.00997268e-01    5.42277870e-01    1.56504034e-07    1.42543349e-05    4.56324391e-01    4.31782084e-06    5.88774404e-01    5.64281912e-10    5.18049361e-07    7.74849293e-02    6.84195179e-01    1.34644823e-10    1.50345436e-07    4.32934832e-02   -7.91863284e-02   -1.30474584e-56    1.10000000e+00    1.80000000e+00
12       1.20000000e+00    4.50416685e-01    3.03815181e-07    2.73704436e-05    7.05427477e-01    5.42277870e-01    1.93559853e-07    1.63243119e-05    5.30463162e-01    5.84748153e-06    5.88774404e-01    2.26822873e-10    1.92763896e-07    4.85991643e-02    6.84195179e-01    4.27735070e-11    3.75566192e-08    3.01696678e-02   -7.91901951e-02    8.97112243e-57    1.20000000e+00    1.80000000e+00
13       1.30000000e+00    4.50416685e-01    3.66145822e-07    3.16270160e-05    8.16273075e-01    5.42277871e-01    2.34381734e-07    1.82873257e-05    6.04322779e-01    7.57901317e-06    5.88774404e-01    7.52457864e-11    5.23144940e-08    3.19584719e-02    6.84195179e-01    1.19806482e-11    9.08623328e-09    2.52065126e-02   -7.91947489e-02   -1.02550456e-55    1.30000000e+00    1.80000000e+00
14       1.40000000e+00    4.50416685e-01    4.42334664e-07    3.60467796e-05    9.34409840e-01    5.42277871e-01    2.79731904e-07    2.01220523e-05    6.78056774e-01    9.50058351e-06    5.88774404e-01    2.06918053e-11    1.22248536e-08    2.49779991e-02    6.84195179e-01    3.05213531e-12    2.23340040e-09    2.36989803e-02   -7.91999699e-02   -7.24795117e-56    1.40000000e+00    1.80000000e+00
15       1.50000000e+00    4.50416685e-01    5.43379122e-07    4.06464865e-05    1.06086346e+00    5.42277871e-01    3.30576535e-07    2.18151082e-05    7.51771223e-01    1.15986403e-05    5.88774404e-01    4.86842344e-12    2.76163935e-09    2.28170529e-02    6.84195179e-01    7.31992633e-13    5.38403689e-10    2.33016955e-02   -7.92058505e-02   -7.54277097e-57    1.50000000e+00    1.80000000e+00
16       1.60000000e+00    4.50416685e-01    6.94663164e-07    4.54306082e-05    1.19683277e+00    5.42277871e-01    3.88185342e-07    2.33584835e-05    8.25558875e-01    1.38585784e-05    5.88774404e-01    1.03266119e-12    5.93649350e-10    2.22826749e-02    6.84195179e-01    1.69746414e-13    1.26078160e-10    2.32050664e-02   -7.92123870e-02   -5.64750376e-56    1.60000000e+00    1.80000000e+00
17       1.70000000e+00    4.50416685e-01    9.64396178e-07    5.03312141e-05    1.34371857e+00    5.42277871e-01    4.54265990e-07    2.47476474e-05    8.99510451e-01    1.62651764e-05    5.88774404e-01    2.06916342e-13    1.20913435e-10    2.21670765e-02    6.84195179e-01    3.86883666e-14    2.89239994e-11    2.31825225e-02   -7.92195711e-02    2.05100947e-55    1.70000000e+00    1.80000000e+00
18       1.80000000e+00    4.50416685e-01    1.57405902e-06    5.49702020e-05    1.50316022e+00    5.42277871e-01    5.31163624e-07    2.59803560e-05    9.73717550e-01    1.88028832e-05    5.88774404e-01    4.03229812e-14    2.37916025e-11    2.21437303e-02    6.84195179e-01    8.74289038e-15    6.55958442e-12    2.31773703e-02   -7.92273763e-02   -1.17636052e-55    1.80000000e+00    1.80000000e+00
End of Xyce(TM) Simulation
