Index       V(VI)       N(XM1:MSKY130_FD_PR__NFET_01V8_LVT:VTH) N(XM1:MSKY130_FD_PR__NFET_01V8_LVT:GDS) N(XM1:MSKY130_FD_PR__NFET_01V8_LVT:GM) N(XM1:MSKY130_FD_PR__NFET_01V8_LVT:VDSAT) N(XM2:MSKY130_FD_PR__NFET_01V8:VTH) N(XM2:MSKY130_FD_PR__NFET_01V8:GDS) N(XM2:MSKY130_FD_PR__NFET_01V8:GM) N(XM2:MSKY130_FD_PR__NFET_01V8:VDSAT) ID(XM2:MSKY130_FD_PR__NFET_01V8) N(XM4:MSKY130_FD_PR__PFET_01V8:VTH) N(XM4:MSKY130_FD_PR__PFET_01V8:GDS) N(XM4:MSKY130_FD_PR__PFET_01V8:GM) N(XM4:MSKY130_FD_PR__PFET_01V8:VDSAT) N(XM5:MSKY130_FD_PR__PFET_01V8_HVT:VTH) N(XM5:MSKY130_FD_PR__PFET_01V8_HVT:GDS) N(XM5:MSKY130_FD_PR__PFET_01V8_HVT:GM) N(XM5:MSKY130_FD_PR__PFET_01V8_HVT:VDSAT)      I(VDD)            I(VSIG)            V(VI)           V(SUPPLY)    
0        0.00000000e+00    4.34347950e-01    3.85096396e-15    4.87735597e-13    3.74268916e-02    5.12160244e-01    1.55685454e-16    1.12904998e-13    3.70560042e-02    1.81443760e-12    5.63781113e-01    6.79081321e-10    3.83426685e-07    5.73654781e-01    7.05774860e-01    3.80259065e-10    3.56201074e-07    5.48720551e-01   -7.91748454e-02    1.84601561e-53    0.00000000e+00    1.80000000e+00
1        1.00000000e-01    4.34347950e-01    9.05281281e-14    1.13674339e-11    3.74312066e-02    5.12160244e-01    1.98046144e-15    1.43279130e-12    3.70571651e-02    1.86645198e-12    5.63781113e-01    6.07052355e-10    3.43479700e-07    5.23579300e-01    7.05774860e-01    3.40357881e-10    3.24584106e-07    4.96727147e-01   -7.91747224e-02    0.00000000e+00    1.00000000e-01    1.80000000e+00
2        2.00000000e-01    4.34347950e-01    1.99484401e-12    2.41268717e-10    3.75259824e-02    5.12160244e-01    2.48776382e-14    1.78542591e-11    3.70717318e-02    2.51938330e-12    5.63781113e-01    5.38616823e-10    3.04970400e-07    4.74538229e-01    7.05774860e-01    3.01695821e-10    2.92350140e-07    4.45540001e-01   -7.91746112e-02    4.17619486e-52    2.00000000e-01    1.80000000e+00
3        3.00000000e-01    4.34347950e-01    3.40512638e-11    3.68995350e-09    3.91179489e-02    5.12160244e-01    2.99163219e-13    2.10113478e-10    3.72462211e-02    1.03780152e-11    5.63781113e-01    4.73492698e-10    2.67994148e-07    4.26499807e-01    7.05774860e-01    2.64072046e-10    2.59724889e-07    3.95112967e-01   -7.91745124e-02    4.92790993e-51    3.00000000e-01    1.80000000e+00
4        4.00000000e-01    4.34347950e-01    3.06748055e-10    3.11674356e-08    5.25251064e-02    5.12160244e-01    3.12793349e-12    2.17032667e-09    3.90452052e-02    9.54249377e-11    5.63781113e-01    4.11476104e-10    2.32630488e-07    3.79433778e-01    7.05774860e-01    2.27349781e-10    2.26921005e-07    3.45384099e-01   -7.91744274e-02    5.06154817e-50    4.00000000e-01    1.80000000e+00
5        5.00000000e-01    4.34347950e-01    1.23640853e-09    1.36603605e-07    9.72072685e-02    5.12160244e-01    2.27747190e-11    1.91025984e-08    5.15118901e-02    8.86381850e-10    5.63781113e-01    3.52417277e-10    1.98939621e-07    3.33312128e-01    7.05774860e-01    1.91436065e-10    1.94072848e-07    2.96275302e-01   -7.91743614e-02   -2.10157740e-54    5.00000000e-01    1.80000000e+00
6        6.00000000e-01    4.34347950e-01    2.80703158e-09    3.13506581e-07    1.70733080e-01    5.12160244e-01    9.07266476e-11    1.05489378e-07    9.42792296e-02    6.27530041e-09    5.63781113e-01    2.96206851e-10    1.66954175e-07    2.88112057e-01    7.05774860e-01    1.56285575e-10    1.61118115e-07    2.47717057e-01   -7.91743262e-02    5.61642040e-54    6.00000000e-01    1.80000000e+00
7        7.00000000e-01    4.34347950e-01    4.72463544e-09    5.12643600e-07    2.58965540e-01    5.12160244e-01    2.05989458e-10    2.61999297e-07    1.65747823e-01    2.44801051e-08    5.63781113e-01    2.42775750e-10    1.36661124e-07    2.43826571e-01    7.05774860e-01    1.21966930e-10    1.27675752e-07    1.99756619e-01   -7.91743339e-02   -2.57507791e-54    7.00000000e-01    1.80000000e+00
8        8.00000000e-01    4.34347950e-01    6.86573032e-09    7.30335783e-07    3.56990667e-01    5.12160244e-01    3.36895504e-10    4.08370166e-07    2.45574773e-01    5.82048200e-08    5.63781113e-01    1.92124586e-10    1.07971267e-07    2.00499695e-01    7.05774860e-01    8.88767973e-11    9.32501104e-08    1.52882847e-01   -7.91743883e-02    2.69504265e-55    8.00000000e-01    1.80000000e+00
9        9.00000000e-01    4.34347950e-01    9.21259885e-09    9.72392724e-07    4.65007370e-01    5.12160244e-01    4.69831813e-10    5.38558727e-07    3.25399116e-01    1.05614559e-07    5.63781113e-01    1.44430226e-10    8.07086177e-08    1.58336187e-01    7.05774860e-01    5.81963814e-11    5.86310844e-08    1.08738048e-01   -7.91744890e-02   -2.28915638e-54    9.00000000e-01    1.80000000e+00
10       1.00000000e+00    4.34347950e-01    1.17750865e-08    1.24251304e-06    5.84495457e-01    5.12160244e-01    6.04391083e-10    6.65876897e-07    4.04938202e-01    1.65834429e-07    5.63781113e-01    1.00340232e-10    5.48113551e-08    1.18008205e-01    7.05774860e-01    3.23580673e-11    2.85014830e-08    7.09335135e-02   -7.91746371e-02    2.63700907e-54    1.00000000e+00    1.80000000e+00
11       1.10000000e+00    4.34347950e-01    1.45754731e-08    1.54439180e-06    7.17420023e-01    5.12160244e-01    7.42585034e-10    7.93262810e-07    4.85050999e-01    2.38792604e-07    5.63781113e-01    6.15699597e-11    3.12554648e-08    8.13165488e-02    7.05774860e-01    1.43241232e-11    9.73601141e-09    4.41437109e-02   -7.91748339e-02   -4.37073920e-54    1.10000000e+00    1.80000000e+00
12       1.20000000e+00    4.34347950e-01    1.76557560e-08    1.88329244e-06    8.66218700e-01    5.12160244e-01    8.86680349e-10    9.19114273e-07    5.66278195e-01    3.24431056e-07    5.63781113e-01    3.12932358e-11    1.33453298e-08    5.17536492e-02    7.05774860e-01    4.86416021e-12    2.46093156e-09    2.99401391e-02   -7.91750809e-02    5.71476085e-54    1.20000000e+00    1.80000000e+00
13       1.30000000e+00    4.34347950e-01    2.11109810e-08    2.26693854e-06    1.03394566e+00    5.12160244e-01    1.03967087e-09    1.04126195e-06    6.48880614e-01    4.22486792e-07    5.63781113e-01    1.23152284e-11    4.03643913e-09    3.27707873e-02    7.05774860e-01    1.29897009e-12    5.58681926e-10    2.45582635e-02   -7.91753799e-02   -2.00323653e-54    1.30000000e+00    1.80000000e+00
14       1.40000000e+00    4.34347950e-01    2.52487895e-08    2.70614044e-06    1.22448718e+00    5.12160244e-01    1.20626687e-09    1.15791904e-06    7.32988715e-01    5.32496437e-07    5.63781113e-01    3.55776722e-12    9.64401537e-10    2.38845642e-02    7.05774860e-01    2.93280324e-13    1.22783759e-10    2.30371477e-02   -7.91757341e-02    2.21267784e-54    1.40000000e+00    1.80000000e+00
15       1.50000000e+00    4.34347950e-01    3.18116000e-08    3.21284629e-06    1.44286897e+00    5.12160244e-01    1.39436229e-09    1.26773338e-06    8.18683190e-01    6.53839981e-07    5.63781113e-01    7.39354149e-13    1.98906706e-10    2.10070195e-02    7.05774860e-01    6.02044679e-14    2.55591428e-11    2.26844297e-02   -7.91761485e-02   -3.84806768e-54    1.50000000e+00    1.80000000e+00
16       1.60000000e+00    4.34347950e-01    6.06275364e-08    3.75316626e-06    1.69570738e+00    5.12160244e-01    1.61757708e-09    1.36970219e-06    9.06028431e-01    7.85780211e-07    5.63781113e-01    1.17674959e-13    3.36864645e-11    2.03711183e-02    7.05774860e-01    1.17885520e-14    5.07220375e-12    2.26111521e-02   -7.91766281e-02    4.10668020e-54    1.60000000e+00    1.80000000e+00
17       1.70000000e+00    4.34347950e-01    2.42177145e-07    3.93466674e-06    1.99189218e+00    5.12160244e-01    1.90015446e-09    1.46310486e-06    9.95084988e-01    9.27494192e-07    5.63781113e-01    1.60876706e-14    4.80297302e-12    2.02671663e-02    7.05774860e-01    2.25847365e-15    9.79000354e-13    2.25967279e-02   -7.91771589e-02   -1.95406552e-54    1.70000000e+00    1.80000000e+00
18       1.80000000e+00    4.34347950e-01    5.41512831e-07    3.74861670e-06    2.34365391e+00    5.12160244e-01    2.28709866e-09    1.54745567e-06    1.08591394e+00    1.07809912e-06    5.63781113e-01    2.05746204e-15    6.25650771e-13    2.02528086e-02    7.05774860e-01    4.28489173e-16    1.86402663e-13    2.25939582e-02   -7.91776945e-02    3.35766067e-50    1.80000000e+00    1.80000000e+00
End of Xyce(TM) Simulation
