Index       V(VI)       N(XM1:MSKY130_FD_PR__NFET_01V8_LVT:VTH) N(XM1:MSKY130_FD_PR__NFET_01V8_LVT:GDS) N(XM1:MSKY130_FD_PR__NFET_01V8_LVT:GM) N(XM1:MSKY130_FD_PR__NFET_01V8_LVT:VDSAT) N(XM2:MSKY130_FD_PR__NFET_01V8:VTH) N(XM2:MSKY130_FD_PR__NFET_01V8:GDS) N(XM2:MSKY130_FD_PR__NFET_01V8:GM) N(XM2:MSKY130_FD_PR__NFET_01V8:VDSAT) ID(XM2:MSKY130_FD_PR__NFET_01V8) N(XM4:MSKY130_FD_PR__PFET_01V8:VTH) N(XM4:MSKY130_FD_PR__PFET_01V8:GDS) N(XM4:MSKY130_FD_PR__PFET_01V8:GM) N(XM4:MSKY130_FD_PR__PFET_01V8:VDSAT) N(XM5:MSKY130_FD_PR__PFET_01V8_HVT:VTH) N(XM5:MSKY130_FD_PR__PFET_01V8_HVT:GDS) N(XM5:MSKY130_FD_PR__PFET_01V8_HVT:GM) N(XM5:MSKY130_FD_PR__PFET_01V8_HVT:VDSAT)      I(VDD)            I(VSIG)            V(VI)           V(SUPPLY)    
0        0.00000000e+00    5.02600864e-01    4.86265907e-14    6.19228317e-12    4.05334637e-02    5.91299400e-01    1.46228054e-14    2.29550526e-12    4.28443350e-02    1.90031900e-12    5.93943323e-01    8.82641205e-07    5.26533870e-05    9.66918789e-01    6.60431779e-01    4.29124601e-07    5.63432238e-05    9.86079167e-01   -7.92569889e-02    2.87386537e-55    0.00000000e+00    1.80000000e+00
1        1.00000000e-01    5.02600864e-01    1.03027294e-12    1.30861042e-10    4.05341264e-02    5.91299400e-01    1.85751090e-13    2.91316855e-11    4.28445540e-02    2.95739833e-12    5.93943323e-01    6.54461817e-07    4.61762360e-05    8.54481958e-01    6.60431779e-01    2.93954101e-07    4.81056209e-05    8.52136101e-01   -7.92427727e-02    0.00000000e+00    1.00000000e-01    1.80000000e+00
2        2.00000000e-01    5.02600864e-01    2.13748425e-11    2.68087725e-09    4.05478642e-02    5.91299400e-01    2.34688179e-12    3.66819911e-10    4.28473204e-02    1.63101912e-11    5.93943323e-01    4.87126156e-07    4.01369157e-05    7.50914014e-01    6.60431779e-01    2.04276927e-07    4.08865961e-05    7.31281739e-01   -7.92301378e-02   -3.69710831e-56    2.00000000e-01    1.80000000e+00
3        3.00000000e-01    5.02600864e-01    4.05141585e-10    4.83658827e-08    4.08069051e-02    5.91299400e-01    2.90981529e-11    4.49723235e-09    4.28815800e-02    1.81783929e-10    5.93943323e-01    3.61162094e-07    3.45152558e-05    6.55105072e-01    6.60431779e-01    1.41525993e-07    3.45141748e-05    6.21015817e-01   -7.92190234e-02    1.01287018e-55    3.00000000e-01    1.80000000e+00
4        4.00000000e-01    5.02600864e-01    5.58436894e-09    6.01442480e-07    4.42834212e-02    5.91299400e-01    3.38734837e-10    5.08199680e-08    4.32781663e-02    2.11235760e-09    5.93943323e-01    2.64850954e-07    2.92907031e-05    5.66135147e-01    6.60431779e-01    9.61669329e-08    2.87998435e-05    5.19238687e-01   -7.92093886e-02    3.13108152e-57    4.00000000e-01    1.80000000e+00
5        5.00000000e-01    5.02600864e-01    3.86263808e-08    4.20603336e-06    6.58448755e-02    5.91299400e-01    3.28048878e-09    4.81515004e-07    4.70023587e-02    2.15972624e-08    5.93943323e-01    1.90690947e-07    2.44451975e-05    4.83244362e-01    6.60431779e-01    6.28941661e-08    2.35160516e-05    4.24290101e-01   -7.92013396e-02    2.46563085e-56    5.00000000e-01    1.80000000e+00
6        6.00000000e-01    5.02600862e-01    1.24558572e-07    1.43116942e-05    1.18093787e-01    5.91299399e-01    2.13920112e-08    3.53114311e-06    6.81489452e-02    1.79247667e-07    5.93943323e-01    1.33628455e-07    1.99617116e-05    4.05820668e-01    6.60431779e-01    3.86422043e-08    1.84009806e-05    3.35228404e-01   -7.91954544e-02    3.59021116e-56    6.00000000e-01    1.80000000e+00
7        7.00000000e-01    5.02600861e-01    2.46010907e-07    2.66505223e-05    1.84553501e-01    5.91299398e-01    8.08978766e-08    1.41324039e-05    1.24054070e-01    9.95702635e-07    5.93943323e-01    9.01133804e-08    1.58212834e-05    3.33419333e-01    6.60431779e-01    2.16172988e-08    1.32733767e-05    2.52436297e-01   -7.91927000e-02   -1.50290000e-56    7.00000000e-01    1.80000000e+00
8        8.00000000e-01    5.02600861e-01    3.81337872e-07    3.77421696e-05    2.50531765e-01    5.91299396e-01    1.91577858e-07    2.81030753e-05    2.00547110e-01    3.11811881e-06    5.93943323e-01    5.75687399e-08    1.20031328e-05    2.65849191e-01    6.60431779e-01    1.06303509e-08    8.30959401e-06    1.78350915e-01   -7.91936718e-02    1.33324774e-56    8.00000000e-01    1.80000000e+00
9        9.00000000e-01    5.02600861e-01    5.24271462e-07    4.76236298e-05    3.12800486e-01    5.91299395e-01    3.43237495e-07    3.96346769e-05    2.77494010e-01    6.52673647e-06    5.93943323e-01    3.40730064e-08    8.50035366e-06    2.03392114e-01    6.60431779e-01    4.48042584e-09    4.20415522e-06    1.17354486e-01   -7.91981132e-02    2.02467261e-56    9.00000000e-01    1.80000000e+00
10       1.00000000e+00    5.02600862e-01    6.74263842e-07    5.64551443e-05    3.71514431e-01    5.91299395e-01    5.30561963e-07    4.93248499e-05    3.49807259e-01    1.09847474e-05    5.93943323e-01    1.81244260e-08    5.37393326e-06    1.47216572e-01    6.60431779e-01    1.63384418e-09    1.64022160e-06    7.35216067e-02   -7.92054876e-02   -1.26023674e-56    1.00000000e+00    1.80000000e+00
11       1.10000000e+00    5.02600863e-01    8.31955577e-07    6.42303414e-05    4.27311262e-01    5.91299395e-01    7.54429206e-07    5.80602787e-05    4.17986260e-01    1.63606688e-05    5.93943323e-01    8.36983130e-09    2.83220016e-06    9.97881767e-02    6.60431779e-01    5.44081004e-10    5.08084599e-07    4.71738731e-02   -7.92153238e-02   -2.11338248e-57    1.10000000e+00    1.80000000e+00
12       1.20000000e+00    5.02600863e-01    9.98356237e-07    7.09521649e-05    4.80850912e-01    5.91299396e-01    1.01722823e-06    6.59654749e-05    4.82955061e-01    2.25690293e-05    5.93943323e-01    3.28067192e-09    1.15963774e-06    6.43238522e-02    6.60431779e-01    1.75177084e-10    1.41352264e-07    3.41332798e-02   -7.92272173e-02   -7.73084189e-56    1.20000000e+00    1.80000000e+00
13       1.30000000e+00    5.02600864e-01    1.17479874e-06    7.66718155e-05    5.32759601e-01    5.91299397e-01    1.32126429e-06    7.29522496e-05    5.45345442e-01    2.95227814e-05    5.93943323e-01    1.09876814e-09    3.66000206e-07    4.23754891e-02    6.60431779e-01    5.53153838e-11    4.01008380e-08    2.87374227e-02   -7.92408157e-02   -2.99788203e-56    1.30000000e+00    1.80000000e+00
14       1.40000000e+00    5.02600864e-01    1.36301096e-06    8.14759058e-05    5.83616472e-01    5.91299398e-01    1.66866430e-06    7.89488955e-05    6.05603830e-01    3.71261023e-05    5.93943323e-01    3.19330143e-10    9.78689498e-08    3.17413228e-02    6.60431779e-01    1.69697080e-11    1.18591870e-08    2.68013353e-02   -7.92558259e-02    2.37433994e-56    1.40000000e+00    1.80000000e+00
15       1.50000000e+00    5.02600864e-01    1.56521992e-06    8.54685199e-05    6.33945744e-01    5.91299399e-01    2.06162123e-06    8.39354891e-05    6.64097097e-01    4.52785904e-05    5.93943323e-01    8.02110613e-11    2.42374982e-08    2.78391766e-02    6.60431779e-01    5.04808389e-12    3.52621827e-09    2.61727106e-02   -7.92720101e-02   -4.16682387e-56    1.50000000e+00    1.80000000e+00
16       1.60000000e+00    5.02600864e-01    1.78429233e-06    8.87579335e-05    6.84213427e-01    5.91299399e-01    2.50267192e-06    8.79326144e-05    7.21156777e-01    5.38799980e-05    5.93943323e-01    1.75467047e-11    5.48138549e-09    2.67458273e-02    6.60431779e-01    1.46640352e-12    1.03268532e-09    2.59811332e-02   -7.92891544e-02    1.73251663e-56    1.60000000e+00    1.80000000e+00
17       1.70000000e+00    5.02600864e-01    2.02392855e-06    9.14481883e-05    7.34828250e-01    5.91299400e-01    2.99496988e-06    9.09868486e-05    7.77091937e-01    6.28335359e-05    5.93943323e-01    3.47691777e-12    1.12067363e-09    2.64968652e-02    6.60431779e-01    4.19480898e-13    2.97533787e-10    2.59248909e-02   -7.93070472e-02   -4.04934167e-56    1.70000000e+00    1.80000000e+00
18       1.80000000e+00    5.02600864e-01    2.28893508e-06    9.36342218e-05    7.86145479e-01    5.91299400e-01    3.54256991e-06    9.31601664e-05    8.32190757e-01    7.20479127e-05    5.93943323e-01    6.51860068e-13    2.13868775e-10    2.64468729e-02    6.60431779e-01    1.18918831e-13    8.47425126e-11    2.59087236e-02   -7.93254926e-02   -2.16556385e-56    1.80000000e+00    1.80000000e+00
End of Xyce(TM) Simulation
