Index       V(VI)       N(XM1:MSKY130_FD_PR__NFET_01V8_LVT:VTH) N(XM1:MSKY130_FD_PR__NFET_01V8_LVT:GDS) N(XM1:MSKY130_FD_PR__NFET_01V8_LVT:GM) N(XM1:MSKY130_FD_PR__NFET_01V8_LVT:VDSAT) N(XM2:MSKY130_FD_PR__NFET_01V8:VTH) N(XM2:MSKY130_FD_PR__NFET_01V8:GDS) N(XM2:MSKY130_FD_PR__NFET_01V8:GM) N(XM2:MSKY130_FD_PR__NFET_01V8:VDSAT) ID(XM2:MSKY130_FD_PR__NFET_01V8) N(XM4:MSKY130_FD_PR__PFET_01V8:VTH) N(XM4:MSKY130_FD_PR__PFET_01V8:GDS) N(XM4:MSKY130_FD_PR__PFET_01V8:GM) N(XM4:MSKY130_FD_PR__PFET_01V8:VDSAT) N(XM5:MSKY130_FD_PR__PFET_01V8_HVT:VTH) N(XM5:MSKY130_FD_PR__PFET_01V8_HVT:GDS) N(XM5:MSKY130_FD_PR__PFET_01V8_HVT:GM) N(XM5:MSKY130_FD_PR__PFET_01V8_HVT:VDSAT)      I(VDD)            I(VSIG)            V(VI)           V(SUPPLY)    
0        0.00000000e+00    4.41951960e-01    2.78311200e-14    3.51588251e-12    3.76469008e-02    5.37195850e-01    2.83304385e-15    6.19418584e-13    3.87384273e-02    1.83364161e-12    5.80261275e-01    8.55607502e-09    3.82477745e-06    6.05577095e-01    6.88278903e-01    7.32823236e-09    3.40198271e-06    5.60461943e-01   -7.91811685e-02    1.74000688e-54    0.00000000e+00    1.80000000e+00
1        1.00000000e-01    4.41951960e-01    6.55544204e-13    8.21831314e-11    3.76503031e-02    5.37195850e-01    3.88994644e-14    8.48945993e-12    3.87390208e-02    2.13461801e-12    5.80261275e-01    6.89470125e-09    3.41445624e-06    5.50470189e-01    6.88278903e-01    6.39048262e-09    3.07125185e-06    5.07456363e-01   -7.91799938e-02    0.00000000e+00    1.00000000e-01    1.80000000e+00
2        2.00000000e-01    4.41951960e-01    1.45746648e-11    1.76646706e-09    3.77257301e-02    5.37195850e-01    5.28815287e-13    1.14661743e-10    3.87470825e-02    6.22370630e-12    5.80261275e-01    5.50213358e-09    3.02070046e-06    4.96803930e-01    6.88278903e-01    5.52394450e-09    2.74780977e-06    4.55147001e-01   -7.91789329e-02    3.34095589e-52    2.00000000e-01    1.80000000e+00
3        3.00000000e-01    4.41951960e-01    2.56742010e-10    2.80296972e-08    3.90354675e-02    5.37195850e-01    6.93450424e-12    1.47314711e-09    3.88524876e-02    5.98109105e-11    5.80261275e-01    4.33684881e-09    2.64443550e-06    4.44512245e-01    6.88278903e-01    4.71708645e-09    2.43307793e-06    4.03357095e-01   -7.91779906e-02   -6.68097068e-55    3.00000000e-01    1.80000000e+00
4        4.00000000e-01    4.41951960e-01    2.45519053e-09    2.47704521e-07    5.08091385e-02    5.37195850e-01    8.04884758e-11    1.64840441e-08    4.00624698e-02    6.91373226e-10    5.80261275e-01    3.36504602e-09    2.28643163e-06    3.93525840e-01    6.88278903e-01    3.95982024e-09    2.12680677e-06    3.51835946e-01   -7.91771762e-02    3.29984170e-55    4.00000000e-01    1.80000000e+00
5        5.00000000e-01    4.41951960e-01    1.04351658e-08    1.13867272e-06    9.25016342e-02    5.37195850e-01    6.65386219e-10    1.46735441e-07    4.96618969e-02    6.77259911e-09    5.80261275e-01    2.55885154e-09    1.94716544e-06    3.43769260e-01    6.88278903e-01    3.24330840e-09    1.82489470e-06    3.00266757e-01   -7.91765334e-02   -3.18411241e-55    5.00000000e-01    1.80000000e+00
6        6.00000000e-01    4.41951960e-01    2.43611392e-08    2.69159024e-06    1.62885537e-01    5.37195850e-01    2.98003774e-09    8.43299298e-07    8.72697611e-02    4.89460340e-08    5.80261275e-01    1.89508724e-09    1.62651301e-06    2.95161716e-01    6.88278903e-01    2.56108719e-09    1.51653105e-06    2.48370270e-01   -7.91761638e-02   -1.73420179e-55    6.00000000e-01    1.80000000e+00
7        7.00000000e-01    4.41951960e-01    4.14400908e-08    4.42120656e-06    2.46778307e-01    5.37195850e-01    7.27971819e-09    2.23694403e-06    1.55582851e-01    2.00455341e-07    5.80261275e-01    1.35452210e-09    1.32320569e-06    2.47634923e-01    6.88278903e-01    1.91290064e-09    1.18451258e-06    1.96258894e-01   -7.91761758e-02    2.79424192e-55    7.00000000e-01    1.80000000e+00
8        8.00000000e-01    4.41951960e-01    6.04097279e-08    6.26162545e-06    3.38135704e-01    5.37195849e-01    1.23876452e-08    3.59986840e-06    2.34233631e-01    4.94128064e-07    5.80261275e-01    9.21599915e-10    1.03426972e-06    2.01205480e-01    6.88278903e-01    1.31237333e-09    8.20222734e-07    1.45238288e-01   -7.91766106e-02   -1.37885840e-55    8.00000000e-01    1.80000000e+00
9        9.00000000e-01    4.41951960e-01    8.11042280e-08    8.25186180e-06    4.36436076e-01    5.37195849e-01    1.76937253e-08    4.79824195e-06    3.13093172e-01    9.14861847e-07    5.80261275e-01    5.84564428e-10    7.55882794e-07    1.56189382e-01    6.88278903e-01    7.94424366e-10    4.60041113e-07    9.88317194e-02   -7.91774620e-02    1.40931153e-55    9.00000000e-01    1.80000000e+00
10       1.00000000e+00    4.41951960e-01    1.03700152e-07    1.04074561e-05    5.42425581e-01    5.37195849e-01    2.31524358e-08    5.94120590e-06    3.91102611e-01    1.45204809e-06    5.80261275e-01    3.35359060e-10    4.89695811e-07    1.13692245e-01    6.88278903e-01    4.06255203e-10    1.91029019e-07    6.24017648e-02   -7.91787246e-02    8.87401012e-56    1.00000000e+00    1.80000000e+00
11       1.10000000e+00    4.41951960e-01    1.28610316e-07    1.27370603e-05    6.57163352e-01    5.37195850e-01    2.88446621e-08    7.06019554e-06    4.68850779e-01    2.10231110e-06    5.80261275e-01    1.67452296e-10    2.56969957e-07    7.63066326e-02    6.88278903e-01    1.70729098e-10    5.85450173e-08    3.95306530e-02   -7.91803935e-02    1.01502407e-56    1.10000000e+00    1.80000000e+00
12       1.20000000e+00    4.41951960e-01    1.56656140e-07    1.52547314e-05    7.81923303e-01    5.37195850e-01    3.48683858e-08    8.14623163e-06    5.46776228e-01    2.86294648e-06    5.80261275e-01    7.00808046e-11    9.84355546e-08    4.79641672e-02    6.88278903e-01    5.93773538e-11    1.52759613e-08    2.85004231e-02   -7.91824630e-02   -6.43711264e-56    1.20000000e+00    1.80000000e+00
13       1.30000000e+00    4.41951960e-01    1.89561896e-07    1.79837852e-05    9.18235562e-01    5.37195850e-01    4.13420518e-08    9.18476783e-06    6.25102769e-01    3.72992569e-06    5.80261275e-01    2.39803195e-11    2.71345136e-08    3.11898254e-02    6.88278903e-01    1.77786465e-11    3.96112733e-09    2.43424426e-02   -7.91849320e-02    1.94744117e-55    1.30000000e+00    1.80000000e+00
14       1.40000000e+00    4.41951960e-01    2.31375718e-07    2.09565248e-05    1.06795360e+00    5.37195850e-01    4.84261345e-08    1.01642784e-05    7.03953481e-01    4.69789364e-06    5.80261275e-01    6.69643091e-12    6.30389035e-09    2.39736450e-02    6.88278903e-01    4.81848855e-12    1.03812967e-09    2.30427916e-02   -7.91878068e-02   -5.42208871e-56    1.40000000e+00    1.80000000e+00
15       1.50000000e+00    4.41951960e-01    2.93420277e-07    2.42050166e-05    1.23334004e+00    5.37195850e-01    5.63507943e-08    1.10766892e-05    7.83416208e-01    5.76051867e-06    5.80261275e-01    1.57701829e-12    1.40899923e-09    2.17063972e-02    6.88278903e-01    1.23196508e-12    2.66497148e-10    2.26827764e-02   -7.91911019e-02    3.70194370e-55    1.50000000e+00    1.80000000e+00
16       1.60000000e+00    4.41951960e-01    4.16737040e-07    2.77066655e-05    1.41717948e+00    5.37195850e-01    6.54558714e-08    1.19165412e-05    8.63569906e-01    6.91079780e-06    5.80261275e-01    3.31651595e-13    2.99723060e-10    2.11447485e-02    6.88278903e-01    3.05227623e-13    6.66114005e-11    2.25897253e-02   -7.91948342e-02   -1.77072530e-55    1.60000000e+00    1.80000000e+00
17       1.70000000e+00    4.41951960e-01    8.07218060e-07    3.10309167e-05    1.62293078e+00    5.37195850e-01    7.62558914e-08    1.26803044e-05    9.44493519e-01    8.14128302e-06    5.80261275e-01    6.55611303e-14    6.02576559e-11    2.10242124e-02    6.88278903e-01    7.44070941e-14    1.63393630e-11    2.25665477e-02   -7.91990034e-02    2.41244045e-55    1.70000000e+00    1.80000000e+00
18       1.80000000e+00    4.41951960e-01    2.31518951e-06    3.19331513e-05    1.85493637e+00    5.37195850e-01    8.95528389e-08    1.33658777e-05    1.02626829e+00    9.44424901e-06    5.80261275e-01    1.25768248e-14    1.16772361e-11    2.10001885e-02    6.88278903e-01    1.79916584e-14    3.96480453e-12    2.25608826e-02   -7.92034872e-02   -2.23372845e-55    1.80000000e+00    1.80000000e+00
End of Xyce(TM) Simulation
